(0, 0, 5, 5):(0, 0, 50.0, 50.0)
(0, 0, 5, 10):(0, 0, 59.39, 40.61)
(0, 0, 5, 15):(0, 0, 62.42, 37.58)
(0, 0, 5, 20):(0, 0, 64.37, 35.63)
(0, 0, 5, 25):(0, 0, 65.87, 34.13)
(0, 0, 5, 30):(0, 0, 66.58, 33.42)
(0, 0, 5, 35):(0, 0, 67.39, 32.61)
(0, 0, 5, 40):(0, 0, 68.01, 31.99)
(0, 0, 5, 45):(0, 0, 68.51, 31.49)
(0, 0, 5, 50):(0, 0, 69.06, 30.94)
(0, 0, 5, 60):(0, 0, 69.72, 30.28)
(0, 0, 5, 70):(0, 0, 70.32, 29.68)
(0, 0, 10, 10):(0, 0, 50.0, 50.0)
(0, 0, 10, 15):(0, 0, 54.5, 45.5)
(0, 0, 10, 20):(0, 0, 57.55, 42.45)
(0, 0, 10, 25):(0, 0, 59.7, 40.3)
(0, 0, 10, 30):(0, 0, 60.78, 39.22)
(0, 0, 10, 35):(0, 0, 61.94, 38.06)
(0, 0, 10, 40):(0, 0, 62.79, 37.21)
(0, 0, 10, 45):(0, 0, 63.47, 36.53)
(0, 0, 10, 50):(0, 0, 64.11, 35.89)
(0, 0, 10, 60):(0, 0, 64.97, 35.03)
(0, 0, 10, 70):(0, 0, 65.79, 34.21)
(0, 0, 15, 15):(0, 0, 49.99, 50.01)
(0, 0, 15, 20):(0, 0, 53.26, 46.74)
(0, 0, 15, 25):(0, 0, 55.64, 44.36)
(0, 0, 15, 30):(0, 0, 57.08, 42.92)
(0, 0, 15, 35):(0, 0, 58.65, 41.35)
(0, 0, 15, 40):(0, 0, 59.79, 40.21)
(0, 0, 15, 45):(0, 0, 60.65, 39.35)
(0, 0, 15, 50):(0, 0, 61.47, 38.53)
(0, 0, 15, 60):(0, 0, 62.6, 37.4)
(0, 0, 15, 70):(0, 0, 63.49, 36.51)
(0, 0, 20, 20):(0, 0, 49.99, 50.01)
(0, 0, 20, 25):(0, 0, 52.53, 47.47)
(0, 0, 20, 30):(0, 0, 54.16, 45.84)
(0, 0, 20, 35):(0, 0, 55.97, 44.03)
(0, 0, 20, 40):(0, 0, 57.25, 42.75)
(0, 0, 20, 45):(0, 0, 58.26, 41.74)
(0, 0, 20, 50):(0, 0, 59.15, 40.85)
(0, 0, 20, 60):(0, 0, 60.46, 39.54)
(0, 0, 20, 70):(0, 0, 61.5, 38.5)
(0, 0, 25, 25):(0, 0, 49.99, 50.01)
(0, 0, 25, 30):(0, 0, 51.78, 48.22)
(0, 0, 25, 35):(0, 0, 53.76, 46.24)
(0, 0, 25, 40):(0, 0, 55.13, 44.87)
(0, 0, 25, 45):(0, 0, 56.26, 43.74)
(0, 0, 25, 50):(0, 0, 57.25, 42.75)
(0, 0, 25, 60):(0, 0, 58.72, 41.28)
(0, 0, 25, 70):(0, 0, 59.82, 40.18)
(0, 0, 30, 30):(0, 0, 50.01, 49.99)
(0, 0, 30, 35):(0, 0, 52.0, 48.0)
(0, 0, 30, 40):(0, 0, 53.46, 46.54)
(0, 0, 30, 45):(0, 0, 54.66, 45.34)
(0, 0, 30, 50):(0, 0, 55.71, 44.29)
(0, 0, 30, 60):(0, 0, 57.29, 42.71)
(0, 0, 30, 70):(0, 0, 58.51, 41.49)
(0, 0, 35, 35):(0, 0, 50.0, 50.0)
(0, 0, 35, 40):(0, 0, 51.56, 48.44)
(0, 0, 35, 45):(0, 0, 52.8, 47.2)
(0, 0, 35, 50):(0, 0, 54.02, 45.98)
(0, 0, 35, 60):(0, 0, 55.81, 44.19)
(0, 0, 35, 70):(0, 0, 57.19, 42.81)
(0, 0, 40, 40):(0, 0, 50.01, 49.99)
(0, 0, 40, 45):(0, 0, 51.34, 48.66)
(0, 0, 40, 50):(0, 0, 52.59, 47.41)
(0, 0, 40, 60):(0, 0, 54.56, 45.44)
(0, 0, 40, 70):(0, 0, 56.07, 43.93)
(0, 0, 45, 45):(0, 0, 49.99, 50.01)
(0, 0, 45, 50):(0, 0, 51.3, 48.7)
(0, 0, 45, 60):(0, 0, 53.33, 46.67)
(0, 0, 45, 70):(0, 0, 54.95, 45.05)
(0, 0, 50, 50):(0, 0, 50.01, 49.99)
(0, 0, 50, 60):(0, 0, 52.13, 47.87)
(0, 0, 50, 70):(0, 0, 53.88, 46.12)
(0, 0, 60, 60):(0, 0, 50.0, 50.0)
(0, 0, 60, 70):(0, 0, 51.79, 48.21)
(0, 0, 70, 70):(0, 0, 50.0, 50.0)
(0, 5, 5, 5):(0, 33.33, 33.34, 33.33)
(0, 5, 5, 10):(0, 36.8, 36.83, 26.38)
(0, 5, 5, 15):(0, 37.86, 37.85, 24.29)
(0, 5, 5, 20):(0, 38.51, 38.52, 22.97)
(0, 5, 5, 25):(0, 39.05, 39.03, 21.92)
(0, 5, 5, 30):(0, 39.24, 39.23, 21.53)
(0, 5, 5, 35):(0, 39.41, 39.43, 21.16)
(0, 5, 5, 40):(0, 39.6, 39.58, 20.83)
(0, 5, 5, 45):(0, 39.67, 39.68, 20.66)
(0, 5, 5, 50):(0, 39.82, 39.81, 20.37)
(0, 5, 5, 60):(0, 39.87, 39.89, 20.24)
(0, 5, 5, 70):(0, 39.97, 39.98, 20.05)
(0, 5, 10, 10):(0, 41.71, 29.15, 29.14)
(0, 5, 10, 15):(0, 43.04, 30.25, 26.71)
(0, 5, 10, 20):(0, 43.99, 30.98, 25.03)
(0, 5, 10, 25):(0, 44.67, 31.54, 23.78)
(0, 5, 10, 30):(0, 44.86, 31.8, 23.34)
(0, 5, 10, 35):(0, 45.07, 32.01, 22.92)
(0, 5, 10, 40):(0, 45.25, 32.17, 22.58)
(0, 5, 10, 45):(0, 45.37, 32.3, 22.33)
(0, 5, 10, 50):(0, 45.54, 32.44, 22.02)
(0, 5, 10, 60):(0, 45.66, 32.57, 21.77)
(0, 5, 10, 70):(0, 45.86, 32.66, 21.48)
(0, 5, 15, 15):(0, 44.55, 27.72, 27.73)
(0, 5, 15, 20):(0, 45.56, 28.45, 25.99)
(0, 5, 15, 25):(0, 46.28, 29.07, 24.66)
(0, 5, 15, 30):(0, 46.54, 29.35, 24.11)
(0, 5, 15, 35):(0, 46.86, 29.54, 23.6)
(0, 5, 15, 40):(0, 47.09, 29.72, 23.19)
(0, 5, 15, 45):(0, 47.23, 29.87, 22.91)
(0, 5, 15, 50):(0, 47.41, 30.01, 22.58)
(0, 5, 15, 60):(0, 47.59, 30.15, 22.26)
(0, 5, 15, 70):(0, 47.77, 30.27, 21.96)
(0, 5, 20, 20):(0, 46.63, 26.69, 26.68)
(0, 5, 20, 25):(0, 47.39, 27.29, 25.32)
(0, 5, 20, 30):(0, 47.67, 27.61, 24.72)
(0, 5, 20, 35):(0, 47.98, 27.82, 24.2)
(0, 5, 20, 40):(0, 48.23, 28.02, 23.75)
(0, 5, 20, 45):(0, 48.38, 28.18, 23.44)
(0, 5, 20, 50):(0, 48.6, 28.31, 23.09)
(0, 5, 20, 60):(0, 48.76, 28.49, 22.75)
(0, 5, 20, 70):(0, 48.98, 28.61, 22.41)
(0, 5, 25, 25):(0, 48.22, 25.89, 25.89)
(0, 5, 25, 30):(0, 48.49, 26.23, 25.27)
(0, 5, 25, 35):(0, 48.81, 26.5, 24.7)
(0, 5, 25, 40):(0, 49.08, 26.68, 24.24)
(0, 5, 25, 45):(0, 49.26, 26.85, 23.89)
(0, 5, 25, 50):(0, 49.44, 26.99, 23.57)
(0, 5, 25, 60):(0, 49.64, 27.16, 23.2)
(0, 5, 25, 70):(0, 49.91, 27.28, 22.81)
(0, 5, 30, 30):(0, 48.84, 25.57, 25.59)
(0, 5, 30, 35):(0, 49.21, 25.81, 24.99)
(0, 5, 30, 40):(0, 49.49, 26.0, 24.51)
(0, 5, 30, 45):(0, 49.7, 26.16, 24.14)
(0, 5, 30, 50):(0, 49.93, 26.3, 23.77)
(0, 5, 30, 60):(0, 50.16, 26.46, 23.37)
(0, 5, 30, 70):(0, 50.43, 26.58, 22.99)
(0, 5, 35, 35):(0, 49.65, 25.17, 25.18)
(0, 5, 35, 40):(0, 50.01, 25.33, 24.67)
(0, 5, 35, 45):(0, 50.26, 25.48, 24.26)
(0, 5, 35, 50):(0, 50.5, 25.62, 23.87)
(0, 5, 35, 60):(0, 50.75, 25.8, 23.45)
(0, 5, 35, 70):(0, 51.01, 25.93, 23.06)
(0, 5, 40, 40):(0, 50.38, 24.81, 24.81)
(0, 5, 40, 45):(0, 50.65, 24.95, 24.4)
(0, 5, 40, 50):(0, 50.92, 25.1, 23.98)
(0, 5, 40, 60):(0, 51.21, 25.28, 23.51)
(0, 5, 40, 70):(0, 51.48, 25.42, 23.1)
(0, 5, 45, 45):(0, 50.96, 24.54, 24.51)
(0, 5, 45, 50):(0, 51.22, 24.65, 24.12)
(0, 5, 45, 60):(0, 51.53, 24.83, 23.63)
(0, 5, 45, 70):(0, 51.81, 24.98, 23.21)
(0, 5, 50, 50):(0, 51.55, 24.23, 24.22)
(0, 5, 50, 60):(0, 51.88, 24.41, 23.71)
(0, 5, 50, 70):(0, 52.23, 24.52, 23.24)
(0, 5, 60, 60):(0, 52.34, 23.83, 23.83)
(0, 5, 60, 70):(0, 52.71, 23.94, 23.35)
(0, 5, 70, 70):(0, 53.2, 23.39, 23.41)
(0, 10, 10, 10):(0, 33.33, 33.34, 33.33)
(0, 10, 10, 15):(0, 34.83, 34.83, 30.35)
(0, 10, 10, 20):(0, 35.92, 35.92, 28.16)
(0, 10, 10, 25):(0, 36.69, 36.71, 26.6)
(0, 10, 10, 30):(0, 37.0, 37.0, 26.0)
(0, 10, 10, 35):(0, 37.26, 37.22, 25.52)
(0, 10, 10, 40):(0, 37.46, 37.47, 25.07)
(0, 10, 10, 45):(0, 37.62, 37.62, 24.76)
(0, 10, 10, 50):(0, 37.77, 37.79, 24.44)
(0, 10, 10, 60):(0, 37.97, 37.97, 24.06)
(0, 10, 10, 70):(0, 38.2, 38.19, 23.61)
(0, 10, 15, 15):(0, 36.74, 31.62, 31.64)
(0, 10, 15, 20):(0, 37.97, 32.69, 29.34)
(0, 10, 15, 25):(0, 38.88, 33.48, 27.64)
(0, 10, 15, 30):(0, 39.25, 33.8, 26.95)
(0, 10, 15, 35):(0, 39.65, 34.03, 26.32)
(0, 10, 15, 40):(0, 39.94, 34.25, 25.81)
(0, 10, 15, 45):(0, 40.14, 34.43, 25.43)
(0, 10, 15, 50):(0, 40.37, 34.56, 25.07)
(0, 10, 15, 60):(0, 40.58, 34.79, 24.64)
(0, 10, 15, 70):(0, 40.79, 35.03, 24.18)
(0, 10, 20, 20):(0, 39.4, 30.29, 30.31)
(0, 10, 20, 25):(0, 40.34, 31.07, 28.59)
(0, 10, 20, 30):(0, 40.78, 31.43, 27.78)
(0, 10, 20, 35):(0, 41.21, 31.68, 27.12)
(0, 10, 20, 40):(0, 41.51, 31.89, 26.6)
(0, 10, 20, 45):(0, 41.76, 32.07, 26.17)
(0, 10, 20, 50):(0, 41.99, 32.21, 25.8)
(0, 10, 20, 60):(0, 42.24, 32.44, 25.32)
(0, 10, 20, 70):(0, 42.5, 32.69, 24.81)
(0, 10, 25, 25):(0, 41.41, 29.3, 29.28)
(0, 10, 25, 30):(0, 41.86, 29.68, 28.46)
(0, 10, 25, 35):(0, 42.33, 29.92, 27.74)
(0, 10, 25, 40):(0, 42.64, 30.17, 27.19)
(0, 10, 25, 45):(0, 42.9, 30.31, 26.78)
(0, 10, 25, 50):(0, 43.15, 30.47, 26.38)
(0, 10, 25, 60):(0, 43.43, 30.71, 25.85)
(0, 10, 25, 70):(0, 43.73, 30.93, 25.34)
(0, 10, 30, 30):(0, 42.36, 28.82, 28.82)
(0, 10, 30, 35):(0, 42.88, 29.03, 28.09)
(0, 10, 30, 40):(0, 43.25, 29.27, 27.48)
(0, 10, 30, 45):(0, 43.52, 29.45, 27.03)
(0, 10, 30, 50):(0, 43.81, 29.6, 26.6)
(0, 10, 30, 60):(0, 44.12, 29.82, 26.06)
(0, 10, 30, 70):(0, 44.45, 30.02, 25.53)
(0, 10, 35, 35):(0, 43.5, 28.24, 28.26)
(0, 10, 35, 40):(0, 43.93, 28.44, 27.63)
(0, 10, 35, 45):(0, 44.26, 28.59, 27.15)
(0, 10, 35, 50):(0, 44.55, 28.78, 26.67)
(0, 10, 35, 60):(0, 44.88, 29.02, 26.1)
(0, 10, 35, 70):(0, 45.21, 29.23, 25.56)
(0, 10, 40, 40):(0, 44.4, 27.8, 27.8)
(0, 10, 40, 45):(0, 44.75, 27.95, 27.31)
(0, 10, 40, 50):(0, 45.05, 28.13, 26.82)
(0, 10, 40, 60):(0, 45.42, 28.38, 26.2)
(0, 10, 40, 70):(0, 45.77, 28.6, 25.63)
(0, 10, 45, 45):(0, 45.12, 27.46, 27.42)
(0, 10, 45, 50):(0, 45.41, 27.61, 26.97)
(0, 10, 45, 60):(0, 45.83, 27.84, 26.34)
(0, 10, 45, 70):(0, 46.18, 28.07, 25.75)
(0, 10, 50, 50):(0, 45.81, 27.1, 27.09)
(0, 10, 50, 60):(0, 46.23, 27.34, 26.43)
(0, 10, 50, 70):(0, 46.64, 27.54, 25.82)
(0, 10, 60, 60):(0, 46.74, 26.63, 26.63)
(0, 10, 60, 70):(0, 47.19, 26.84, 25.97)
(0, 10, 70, 70):(0, 47.73, 26.12, 26.15)
(0, 15, 15, 15):(0, 33.32, 33.34, 33.34)
(0, 15, 15, 20):(0, 34.56, 34.54, 30.9)
(0, 15, 15, 25):(0, 35.46, 35.45, 29.09)
(0, 15, 15, 30):(0, 35.89, 35.91, 28.21)
(0, 15, 15, 35):(0, 36.28, 36.26, 27.45)
(0, 15, 15, 40):(0, 36.59, 36.6, 26.82)
(0, 15, 15, 45):(0, 36.81, 36.82, 26.37)
(0, 15, 15, 50):(0, 37.03, 37.0, 25.97)
(0, 15, 15, 60):(0, 37.29, 37.27, 25.44)
(0, 15, 15, 70):(0, 37.53, 37.51, 24.96)
(0, 15, 20, 20):(0, 35.95, 32.04, 32.01)
(0, 15, 20, 25):(0, 36.94, 32.93, 30.13)
(0, 15, 20, 30):(0, 37.41, 33.37, 29.22)
(0, 15, 20, 35):(0, 37.87, 33.78, 28.35)
(0, 15, 20, 40):(0, 38.22, 34.09, 27.69)
(0, 15, 20, 45):(0, 38.49, 34.32, 27.19)
(0, 15, 20, 50):(0, 38.72, 34.52, 26.76)
(0, 15, 20, 60):(0, 39.0, 34.78, 26.21)
(0, 15, 20, 70):(0, 39.3, 35.06, 25.65)
(0, 15, 25, 25):(0, 38.05, 30.99, 30.96)
(0, 15, 25, 30):(0, 38.55, 31.45, 30.0)
(0, 15, 25, 35):(0, 39.04, 31.88, 29.09)
(0, 15, 25, 40):(0, 39.41, 32.17, 28.42)
(0, 15, 25, 45):(0, 39.66, 32.44, 27.9)
(0, 15, 25, 50):(0, 39.97, 32.61, 27.42)
(0, 15, 25, 60):(0, 40.29, 32.88, 26.82)
(0, 15, 25, 70):(0, 40.61, 33.15, 26.25)
(0, 15, 30, 30):(0, 39.11, 30.45, 30.44)
(0, 15, 30, 35):(0, 39.67, 30.82, 29.51)
(0, 15, 30, 40):(0, 40.12, 31.11, 28.77)
(0, 15, 30, 45):(0, 40.43, 31.35, 28.22)
(0, 15, 30, 50):(0, 40.72, 31.54, 27.73)
(0, 15, 30, 60):(0, 41.09, 31.8, 27.11)
(0, 15, 30, 70):(0, 41.44, 32.02, 26.54)
(0, 15, 35, 35):(0, 40.37, 29.81, 29.82)
(0, 15, 35, 40):(0, 40.85, 30.09, 29.06)
(0, 15, 35, 45):(0, 41.24, 30.3, 28.47)
(0, 15, 35, 50):(0, 41.55, 30.51, 27.94)
(0, 15, 35, 60):(0, 41.97, 30.76, 27.27)
(0, 15, 35, 70):(0, 42.34, 31.02, 26.65)
(0, 15, 40, 40):(0, 41.39, 29.31, 29.3)
(0, 15, 40, 45):(0, 41.82, 29.51, 28.67)
(0, 15, 40, 50):(0, 42.16, 29.71, 28.13)
(0, 15, 40, 60):(0, 42.59, 30.0, 27.42)
(0, 15, 40, 70):(0, 42.98, 30.24, 26.78)
(0, 15, 45, 45):(0, 42.26, 28.87, 28.87)
(0, 15, 45, 50):(0, 42.59, 29.07, 28.35)
(0, 15, 45, 60):(0, 43.08, 29.32, 27.59)
(0, 15, 45, 70):(0, 43.47, 29.59, 26.94)
(0, 15, 50, 50):(0, 43.02, 28.49, 28.49)
(0, 15, 50, 60):(0, 43.56, 28.75, 27.69)
(0, 15, 50, 70):(0, 43.97, 29.01, 27.02)
(0, 15, 60, 60):(0, 44.16, 27.92, 27.92)
(0, 15, 60, 70):(0, 44.63, 28.15, 27.22)
(0, 15, 70, 70):(0, 45.2, 27.4, 27.41)
(0, 20, 20, 20):(0, 33.33, 33.36, 33.32)
(0, 20, 20, 25):(0, 34.33, 34.31, 31.36)
(0, 20, 20, 30):(0, 34.84, 34.84, 30.32)
(0, 20, 20, 35):(0, 35.32, 35.32, 29.36)
(0, 20, 20, 40):(0, 35.65, 35.64, 28.71)
(0, 20, 20, 45):(0, 35.92, 35.91, 28.17)
(0, 20, 20, 50):(0, 36.15, 36.16, 27.69)
(0, 20, 20, 60):(0, 36.48, 36.47, 27.05)
(0, 20, 20, 70):(0, 36.77, 36.78, 26.45)
(0, 20, 25, 25):(0, 35.41, 32.28, 32.3)
(0, 20, 25, 30):(0, 35.97, 32.83, 31.2)
(0, 20, 25, 35):(0, 36.5, 33.3, 30.2)
(0, 20, 25, 40):(0, 36.87, 33.65, 29.49)
(0, 20, 25, 45):(0, 37.18, 33.93, 28.89)
(0, 20, 25, 50):(0, 37.46, 34.15, 28.39)
(0, 20, 25, 60):(0, 37.82, 34.48, 27.7)
(0, 20, 25, 70):(0, 38.12, 34.79, 27.1)
(0, 20, 30, 30):(0, 36.61, 31.71, 31.68)
(0, 20, 30, 35):(0, 37.2, 32.13, 30.67)
(0, 20, 30, 40):(0, 37.62, 32.49, 29.89)
(0, 20, 30, 45):(0, 38.0, 32.73, 29.27)
(0, 20, 30, 50):(0, 38.28, 32.96, 28.76)
(0, 20, 30, 60):(0, 38.67, 33.28, 28.05)
(0, 20, 30, 70):(0, 39.03, 33.56, 27.41)
(0, 20, 35, 35):(0, 37.95, 31.03, 31.02)
(0, 20, 35, 40):(0, 38.45, 31.33, 30.22)
(0, 20, 35, 45):(0, 38.86, 31.6, 29.54)
(0, 20, 35, 50):(0, 39.19, 31.82, 28.99)
(0, 20, 35, 60):(0, 39.65, 32.13, 28.22)
(0, 20, 35, 70):(0, 39.99, 32.43, 27.57)
(0, 20, 40, 40):(0, 39.0, 30.49, 30.51)
(0, 20, 40, 45):(0, 39.45, 30.74, 29.81)
(0, 20, 40, 50):(0, 39.81, 30.98, 29.21)
(0, 20, 40, 60):(0, 40.29, 31.31, 28.39)
(0, 20, 40, 70):(0, 40.69, 31.6, 27.7)
(0, 20, 45, 45):(0, 39.92, 30.07, 30.01)
(0, 20, 45, 50):(0, 40.31, 30.27, 29.42)
(0, 20, 45, 60):(0, 40.82, 30.58, 28.6)
(0, 20, 45, 70):(0, 41.25, 30.86, 27.89)
(0, 20, 50, 50):(0, 40.75, 29.62, 29.63)
(0, 20, 50, 60):(0, 41.33, 29.94, 28.73)
(0, 20, 50, 70):(0, 41.77, 30.24, 28.0)
(0, 20, 60, 60):(0, 41.97, 29.02, 29.01)
(0, 20, 60, 70):(0, 42.49, 29.29, 28.22)
(0, 20, 70, 70):(0, 43.08, 28.46, 28.47)
(0, 25, 25, 25):(0, 33.33, 33.34, 33.33)
(0, 25, 25, 30):(0, 33.94, 33.89, 32.17)
(0, 25, 25, 35):(0, 34.46, 34.45, 31.09)
(0, 25, 25, 40):(0, 34.84, 34.83, 30.33)
(0, 25, 25, 45):(0, 35.15, 35.15, 29.7)
(0, 25, 25, 50):(0, 35.44, 35.41, 29.16)
(0, 25, 25, 60):(0, 35.8, 35.75, 28.46)
(0, 25, 25, 70):(0, 36.09, 36.1, 27.81)
(0, 25, 30, 30):(0, 34.56, 32.72, 32.72)
(0, 25, 30, 35):(0, 35.19, 33.2, 31.62)
(0, 25, 30, 40):(0, 35.63, 33.57, 30.8)
(0, 25, 30, 45):(0, 36.02, 33.87, 30.11)
(0, 25, 30, 50):(0, 36.28, 34.15, 29.57)
(0, 25, 30, 60):(0, 36.69, 34.5, 28.81)
(0, 25, 30, 70):(0, 37.04, 34.8, 28.16)
(0, 25, 35, 35):(0, 35.95, 32.01, 32.04)
(0, 25, 35, 40):(0, 36.47, 32.37, 31.17)
(0, 25, 35, 45):(0, 36.9, 32.67, 30.43)
(0, 25, 35, 50):(0, 37.23, 32.91, 29.85)
(0, 25, 35, 60):(0, 37.7, 33.28, 29.03)
(0, 25, 35, 70):(0, 38.08, 33.58, 28.34)
(0, 25, 40, 40):(0, 37.03, 31.49, 31.48)
(0, 25, 40, 45):(0, 37.52, 31.75, 30.73)
(0, 25, 40, 50):(0, 37.89, 31.99, 30.12)
(0, 25, 40, 60):(0, 38.41, 32.36, 29.23)
(0, 25, 40, 70):(0, 38.81, 32.69, 28.5)
(0, 25, 45, 45):(0, 38.03, 30.98, 30.99)
(0, 25, 45, 50):(0, 38.41, 31.24, 30.36)
(0, 25, 45, 60):(0, 38.96, 31.61, 29.43)
(0, 25, 45, 70):(0, 39.36, 31.93, 28.71)
(0, 25, 50, 50):(0, 38.85, 30.59, 30.56)
(0, 25, 50, 60):(0, 39.48, 30.91, 29.6)
(0, 25, 50, 70):(0, 39.95, 31.22, 28.83)
(0, 25, 60, 60):(0, 40.16, 29.9, 29.93)
(0, 25, 60, 70):(0, 40.69, 30.19, 29.12)
(0, 25, 70, 70):(0, 41.31, 29.34, 29.35)
(0, 30, 30, 30):(0, 33.34, 33.33, 33.33)
(0, 30, 30, 35):(0, 33.91, 33.92, 32.17)
(0, 30, 30, 40):(0, 34.33, 34.32, 31.35)
(0, 30, 30, 45):(0, 34.69, 34.71, 30.6)
(0, 30, 30, 50):(0, 34.96, 34.99, 30.05)
(0, 30, 30, 60):(0, 35.39, 35.39, 29.23)
(0, 30, 30, 70):(0, 35.73, 35.73, 28.55)
(0, 30, 35, 35):(0, 34.63, 32.68, 32.69)
(0, 30, 35, 40):(0, 35.13, 33.09, 31.79)
(0, 30, 35, 45):(0, 35.55, 33.41, 31.03)
(0, 30, 35, 50):(0, 35.9, 33.71, 30.39)
(0, 30, 35, 60):(0, 36.35, 34.12, 29.53)
(0, 30, 35, 70):(0, 36.72, 34.47, 28.8)
(0, 30, 40, 40):(0, 35.69, 32.15, 32.16)
(0, 30, 40, 45):(0, 36.18, 32.47, 31.35)
(0, 30, 40, 50):(0, 36.53, 32.77, 30.7)
(0, 30, 40, 60):(0, 37.03, 33.2, 29.77)
(0, 30, 40, 70):(0, 37.45, 33.53, 29.01)
(0, 30, 45, 45):(0, 36.68, 31.68, 31.64)
(0, 30, 45, 50):(0, 37.06, 31.94, 31.0)
(0, 30, 45, 60):(0, 37.6, 32.37, 30.03)
(0, 30, 45, 70):(0, 38.04, 32.72, 29.23)
(0, 30, 50, 50):(0, 37.5, 31.24, 31.26)
(0, 30, 50, 60):(0, 38.13, 31.64, 30.22)
(0, 30, 50, 70):(0, 38.61, 31.99, 29.4)
(0, 30, 60, 60):(0, 38.85, 30.57, 30.58)
(0, 30, 60, 70):(0, 39.4, 30.89, 29.71)
(0, 30, 70, 70):(0, 40.01, 30.0, 29.99)
(0, 35, 35, 35):(0, 33.33, 33.32, 33.34)
(0, 35, 35, 40):(0, 33.83, 33.79, 32.37)
(0, 35, 35, 45):(0, 34.23, 34.23, 31.55)
(0, 35, 35, 50):(0, 34.56, 34.57, 30.88)
(0, 35, 35, 60):(0, 35.06, 35.02, 29.92)
(0, 35, 35, 70):(0, 35.44, 35.42, 29.14)
(0, 35, 40, 40):(0, 34.37, 32.81, 32.82)
(0, 35, 40, 45):(0, 34.8, 33.21, 31.99)
(0, 35, 40, 50):(0, 35.2, 33.54, 31.26)
(0, 35, 40, 60):(0, 35.75, 34.02, 30.23)
(0, 35, 40, 70):(0, 36.16, 34.42, 29.42)
(0, 35, 45, 45):(0, 35.31, 32.36, 32.33)
(0, 35, 45, 50):(0, 35.7, 32.68, 31.61)
(0, 35, 45, 60):(0, 36.27, 33.18, 30.55)
(0, 35, 45, 70):(0, 36.76, 33.54, 29.69)
(0, 35, 50, 50):(0, 36.17, 31.92, 31.91)
(0, 35, 50, 60):(0, 36.82, 32.39, 30.79)
(0, 35, 50, 70):(0, 37.34, 32.76, 29.9)
(0, 35, 60, 60):(0, 37.59, 31.21, 31.2)
(0, 35, 60, 70):(0, 38.19, 31.55, 30.26)
(0, 35, 70, 70):(0, 38.85, 30.59, 30.56)
(0, 40, 40, 40):(0, 33.33, 33.33, 33.34)
(0, 40, 40, 45):(0, 33.75, 33.79, 32.46)
(0, 40, 40, 50):(0, 34.14, 34.16, 31.71)
(0, 40, 40, 60):(0, 34.69, 34.71, 30.61)
(0, 40, 40, 70):(0, 35.13, 35.13, 29.74)
(0, 40, 45, 45):(0, 34.26, 32.89, 32.86)
(0, 40, 45, 50):(0, 34.63, 33.26, 32.11)
(0, 40, 45, 60):(0, 35.25, 33.78, 30.97)
(0, 40, 45, 70):(0, 35.71, 34.23, 30.06)
(0, 40, 50, 50):(0, 35.12, 32.45, 32.43)
(0, 40, 50, 60):(0, 35.79, 32.97, 31.24)
(0, 40, 50, 70):(0, 36.32, 33.38, 30.3)
(0, 40, 60, 60):(0, 36.58, 31.71, 31.71)
(0, 40, 60, 70):(0, 37.17, 32.1, 30.73)
(0, 40, 70, 70):(0, 37.86, 31.08, 31.06)
(0, 45, 45, 45):(0, 33.34, 33.34, 33.32)
(0, 45, 45, 50):(0, 33.72, 33.74, 32.54)
(0, 45, 45, 60):(0, 34.31, 34.32, 31.37)
(0, 45, 45, 70):(0, 34.78, 34.79, 30.43)
(0, 45, 50, 50):(0, 34.19, 32.9, 32.91)
(0, 45, 50, 60):(0, 34.86, 33.46, 31.68)
(0, 45, 50, 70):(0, 35.37, 33.94, 30.68)
(0, 45, 60, 60):(0, 35.64, 32.17, 32.19)
(0, 45, 60, 70):(0, 36.22, 32.62, 31.16)
(0, 45, 70, 70):(0, 36.94, 31.52, 31.54)
(0, 50, 50, 50):(0, 33.32, 33.34, 33.34)
(0, 50, 50, 60):(0, 33.98, 34.0, 32.02)
(0, 50, 50, 70):(0, 34.48, 34.52, 31.01)
(0, 50, 60, 60):(0, 34.74, 32.62, 32.63)
(0, 50, 60, 70):(0, 35.36, 33.09, 31.55)
(0, 50, 70, 70):(0, 36.07, 31.97, 31.97)
(0, 60, 60, 60):(0, 33.35, 33.33, 33.32)
(0, 60, 60, 70):(0, 33.9, 33.89, 32.21)
(0, 60, 70, 70):(0, 34.57, 32.73, 32.7)
(0, 70, 70, 70):(0, 33.35, 33.34, 33.31)
(5, 5, 5, 5):(24.99, 25.03, 24.99, 24.99)
(5, 5, 5, 10):(26.83, 26.88, 26.84, 19.45)
(5, 5, 5, 15):(27.3966, 27.3966, 27.3966, 17.81)
(5, 5, 5, 20):(27.71, 27.72, 27.75, 16.83)
(5, 5, 5, 25):(27.97, 28.0, 27.98, 16.05)
(5, 5, 5, 30):(28.1, 28.05, 28.04, 15.81)
(5, 5, 5, 35):(28.15, 28.16, 28.13, 15.56)
(5, 5, 5, 40):(28.23, 28.21, 28.21, 15.35)
(5, 5, 5, 45):(28.25, 28.22, 28.26, 15.27)
(5, 5, 5, 50):(28.28, 28.29, 28.3, 15.14)
(5, 5, 5, 60):(28.23, 28.26, 28.19, 15.32)
(5, 5, 5, 70):(28.2, 28.17, 28.2, 15.43)
(5, 5, 10, 10):(29.14, 29.11, 20.86, 20.89)
(5, 5, 10, 15):(29.75, 29.72, 21.44, 19.1)
(5, 5, 10, 20):(30.17, 30.1, 21.79, 17.93)
(5, 5, 10, 25):(30.45, 30.45, 22.09, 17.02)
(5, 5, 10, 30):(30.53, 30.54, 22.2, 16.73)
(5, 5, 10, 35):(30.61, 30.6, 22.27, 16.52)
(5, 5, 10, 40):(30.71, 30.69, 22.36, 16.24)
(5, 5, 10, 45):(30.71, 30.71, 22.4, 16.18)
(5, 5, 10, 50):(30.8, 30.78, 22.44, 15.98)
(5, 5, 10, 60):(30.76, 30.75, 22.43, 16.06)
(5, 5, 10, 70):(30.75, 30.77, 22.44, 16.04)
(5, 5, 15, 15):(30.4, 30.43, 19.58, 19.59)
(5, 5, 15, 20):(30.81, 30.81, 19.98, 18.4)
(5, 5, 15, 25):(31.16, 31.16, 20.24, 17.44)
(5, 5, 15, 30):(31.25, 31.2, 20.42, 17.13)
(5, 5, 15, 35):(31.39, 31.31, 20.49, 16.81)
(5, 5, 15, 40):(31.44, 31.4, 20.6, 16.56)
(5, 5, 15, 45):(31.47, 31.48, 20.61, 16.45)
(5, 5, 15, 50):(31.52, 31.54, 20.65, 16.28)
(5, 5, 15, 60):(31.49, 31.51, 20.7, 16.3)
(5, 5, 15, 70):(31.52, 31.52, 20.68, 16.29)
(5, 5, 20, 20):(31.27, 31.26, 18.72, 18.74)
(5, 5, 20, 25):(31.58, 31.6, 19.06, 17.76)
(5, 5, 20, 30):(31.69, 31.68, 19.18, 17.44)
(5, 5, 20, 35):(31.8, 31.8, 19.3, 17.11)
(5, 5, 20, 40):(31.89, 31.84, 19.41, 16.86)
(5, 5, 20, 45):(31.92, 31.93, 19.43, 16.71)
(5, 5, 20, 50):(31.98, 32.02, 19.49, 16.5)
(5, 5, 20, 60):(32.0, 31.98, 19.5, 16.52)
(5, 5, 20, 70):(32.02, 32.0, 19.51, 16.47)
(5, 5, 25, 25):(31.93, 31.96, 18.05, 18.05)
(5, 5, 25, 30):(32.06, 32.04, 18.24, 17.66)
(5, 5, 25, 35):(32.12, 32.17, 18.36, 17.35)
(5, 5, 25, 40):(32.27, 32.22, 18.42, 17.09)
(5, 5, 25, 45):(32.32, 32.27, 18.49, 16.93)
(5, 5, 25, 50):(32.37, 32.35, 18.52, 16.75)
(5, 5, 25, 60):(32.345, 32.345, 18.56, 16.75)
(5, 5, 25, 70):(32.36, 32.38, 18.59, 16.67)
(5, 5, 30, 30):(32.16, 32.14, 17.83, 17.87)
(5, 5, 30, 35):(32.29, 32.24, 17.97, 17.5)
(5, 5, 30, 40):(32.37, 32.36, 18.06, 17.22)
(5, 5, 30, 45):(32.43, 32.39, 18.13, 17.05)
(5, 5, 30, 50):(32.48, 32.5, 18.16, 16.85)
(5, 5, 30, 60):(32.48, 32.51, 18.2, 16.82)
(5, 5, 30, 70):(32.5, 32.54, 18.2, 16.77)
(5, 5, 35, 35):(32.41, 32.41, 17.58, 17.6)
(5, 5, 35, 40):(32.51, 32.5, 17.69, 17.3)
(5, 5, 35, 45):(32.59, 32.57, 17.74, 17.1)
(5, 5, 35, 50):(32.64, 32.66, 17.78, 16.92)
(5, 5, 35, 60):(32.62, 32.63, 17.83, 16.91)
(5, 5, 35, 70):(32.64, 32.67, 17.88, 16.81)
(5, 5, 40, 40):(32.65, 32.64, 17.35, 17.36)
(5, 5, 40, 45):(32.68, 32.71, 17.41, 17.19)
(5, 5, 40, 50):(32.78, 32.8, 17.49, 16.93)
(5, 5, 40, 60):(32.78, 32.78, 17.51, 16.93)
(5, 5, 40, 70):(32.8, 32.8, 17.57, 16.83)
(5, 5, 45, 45):(32.8, 32.73, 17.22, 17.24)
(5, 5, 45, 50):(32.84, 32.87, 17.27, 17.03)
(5, 5, 45, 60):(32.84, 32.82, 17.35, 16.99)
(5, 5, 45, 70):(32.87, 32.88, 17.35, 16.89)
(5, 5, 50, 50):(32.93, 32.93, 17.07, 17.06)
(5, 5, 50, 60):(32.94, 32.96, 17.11, 17.0)
(5, 5, 50, 70):(32.97, 32.99, 17.13, 16.9)
(5, 5, 60, 60):(33.0, 32.98, 17.01, 17.01)
(5, 5, 60, 70):(33.06, 33.05, 17.01, 16.89)
(5, 5, 70, 70):(33.11, 33.15, 16.86, 16.88)
(5, 10, 10, 10):(32.06, 22.6466, 22.6466, 22.6466)
(5, 10, 10, 15):(32.75, 23.3, 23.27, 20.68)
(5, 10, 10, 20):(33.29, 23.72, 23.71, 19.28)
(5, 10, 10, 25):(33.66, 24.03, 24.06, 18.26)
(5, 10, 10, 30):(33.77, 24.17, 24.14, 17.93)
(5, 10, 10, 35):(33.84, 24.25, 24.25, 17.66)
(5, 10, 10, 40):(33.93, 24.33, 24.33, 17.41)
(5, 10, 10, 45):(34.01, 24.36, 24.39, 17.24)
(5, 10, 10, 50):(34.04, 24.46, 24.43, 17.07)
(5, 10, 10, 60):(34.06, 24.44, 24.48, 17.03)
(5, 10, 10, 70):(34.13, 24.5, 24.49, 16.88)
(5, 10, 15, 15):(33.56, 23.95, 21.28, 21.21)
(5, 10, 15, 20):(34.07, 24.4, 21.71, 19.82)
(5, 10, 15, 25):(34.49, 24.8, 22.01, 18.7)
(5, 10, 15, 30):(34.58, 24.9, 22.16, 18.37)
(5, 10, 15, 35):(34.71, 25.04, 22.26, 17.99)
(5, 10, 15, 40):(34.82, 25.12, 22.34, 17.72)
(5, 10, 15, 45):(34.89, 25.19, 22.37, 17.55)
(5, 10, 15, 50):(34.99, 25.25, 22.43, 17.34)
(5, 10, 15, 60):(34.95, 25.28, 22.46, 17.3)
(5, 10, 15, 70):(35.04, 25.3, 22.5, 17.16)
(5, 10, 20, 20):(34.69, 24.92, 20.2, 20.2)
(5, 10, 20, 25):(35.1, 25.28, 20.57, 19.06)
(5, 10, 20, 30):(35.2, 25.41, 20.71, 18.69)
(5, 10, 20, 35):(35.33, 25.53, 20.81, 18.33)
(5, 10, 20, 40):(35.45, 25.63, 20.89, 18.02)
(5, 10, 20, 45):(35.48, 25.71, 20.96, 17.85)
(5, 10, 20, 50):(35.57, 25.8, 21.0, 17.62)
(5, 10, 20, 60):(35.59, 25.79, 21.04, 17.58)
(5, 10, 20, 70):(35.68, 25.84, 21.07, 17.41)
(5, 10, 25, 25):(35.57, 25.64, 19.4, 19.39)
(5, 10, 25, 30):(35.65, 25.79, 19.55, 19.0)
(5, 10, 25, 35):(35.76, 25.91, 19.69, 18.64)
(5, 10, 25, 40):(35.9, 26.02, 19.77, 18.31)
(5, 10, 25, 45):(35.98, 26.09, 19.8, 18.13)
(5, 10, 25, 50):(36.01, 26.16, 19.91, 17.92)
(5, 10, 25, 60):(36.07, 26.19, 19.92, 17.82)
(5, 10, 25, 70):(36.15, 26.25, 19.99, 17.61)
(5, 10, 30, 30):(35.79, 25.97, 19.11, 19.13)
(5, 10, 30, 35):(35.87, 26.12, 19.26, 18.75)
(5, 10, 30, 40):(36.05, 26.2, 19.3, 18.46)
(5, 10, 30, 45):(36.12, 26.26, 19.37, 18.24)
(5, 10, 30, 50):(36.16, 26.36, 19.47, 18.02)
(5, 10, 30, 60):(36.2, 26.4, 19.51, 17.89)
(5, 10, 30, 70):(36.29, 26.46, 19.53, 17.72)
(5, 10, 35, 35):(36.05, 26.28, 18.83, 18.84)
(5, 10, 35, 40):(36.18, 26.37, 18.93, 18.52)
(5, 10, 35, 45):(36.3, 26.41, 19.02, 18.27)
(5, 10, 35, 50):(36.36, 26.54, 19.06, 18.04)
(5, 10, 35, 60):(36.4, 26.54, 19.13, 17.93)
(5, 10, 35, 70):(36.45, 26.62, 19.2, 17.73)
(5, 10, 40, 40):(36.36, 26.46, 18.59, 18.6)
(5, 10, 40, 45):(36.44, 26.57, 18.63, 18.36)
(5, 10, 40, 50):(36.5, 26.67, 18.72, 18.11)
(5, 10, 40, 60):(36.54, 26.7, 18.79, 17.97)
(5, 10, 40, 70):(36.61, 26.75, 18.85, 17.79)
(5, 10, 45, 45):(36.52, 26.65, 18.41, 18.42)
(5, 10, 45, 50):(36.59, 26.76, 18.49, 18.17)
(5, 10, 45, 60):(36.62, 26.79, 18.54, 18.05)
(5, 10, 45, 70):(36.72, 26.84, 18.61, 17.83)
(5, 10, 50, 50):(36.7, 26.83, 18.22, 18.25)
(5, 10, 50, 60):(36.74, 26.85, 18.31, 18.1)
(5, 10, 50, 70):(36.85, 26.95, 18.34, 17.85)
(5, 10, 60, 60):(36.82, 26.99, 18.1, 18.09)
(5, 10, 60, 70):(36.97, 27.05, 18.11, 17.87)
(5, 10, 70, 70):(37.1, 27.14, 17.87, 17.89)
(5, 15, 15, 15):(34.44, 21.86, 21.84, 21.86)
(5, 15, 15, 20):(35.04, 22.3, 22.28, 20.38)
(5, 15, 15, 25):(35.4, 22.69, 22.7, 19.21)
(5, 15, 15, 30):(35.56, 22.81, 22.83, 18.79)
(5, 15, 15, 35):(35.69, 22.94, 22.95, 18.42)
(5, 15, 15, 40):(35.84, 23.03, 23.05, 18.08)
(5, 15, 15, 45):(35.87, 23.13, 23.13, 17.86)
(5, 15, 15, 50):(35.97, 23.18, 23.2, 17.65)
(5, 15, 15, 60):(35.98, 23.22, 23.2, 17.59)
(5, 15, 15, 70):(36.07, 23.25, 23.24, 17.44)
(5, 15, 20, 20):(35.63, 22.77, 20.85, 20.75)
(5, 15, 20, 25):(36.07, 23.15, 21.15, 19.62)
(5, 15, 20, 30):(36.17, 23.35, 21.32, 19.16)
(5, 15, 20, 35):(36.33, 23.44, 21.47, 18.76)
(5, 15, 20, 40):(36.49, 23.57, 21.55, 18.39)
(5, 15, 20, 45):(36.53, 23.62, 21.65, 18.2)
(5, 15, 20, 50):(36.63, 23.67, 21.71, 17.98)
(5, 15, 20, 60):(36.61, 23.77, 21.76, 17.86)
(5, 15, 20, 70):(36.75, 23.77, 21.79, 17.69)
(5, 15, 25, 25):(36.49, 23.57, 19.97, 19.97)
(5, 15, 25, 30):(36.63, 23.73, 20.17, 19.48)
(5, 15, 25, 35):(36.77, 23.84, 20.3, 19.09)
(5, 15, 25, 40):(36.96, 23.95, 20.37, 18.72)
(5, 15, 25, 45):(37.02, 24.01, 20.49, 18.47)
(5, 15, 25, 50):(37.08, 24.11, 20.55, 18.26)
(5, 15, 25, 60):(37.11, 24.2, 20.58, 18.11)
(5, 15, 25, 70):(37.19, 24.22, 20.63, 17.95)
(5, 15, 30, 30):(36.79, 23.94, 19.65, 19.62)
(5, 15, 30, 35):(36.95, 24.03, 19.79, 19.22)
(5, 15, 30, 40):(37.12, 24.15, 19.88, 18.86)
(5, 15, 30, 45):(37.17, 24.25, 19.94, 18.64)
(5, 15, 30, 50):(37.26, 24.33, 20.02, 18.39)
(5, 15, 30, 60):(37.32, 24.38, 20.07, 18.23)
(5, 15, 30, 70):(37.38, 24.44, 20.11, 18.06)
(5, 15, 35, 35):(37.17, 24.22, 19.32, 19.3)
(5, 15, 35, 40):(37.33, 24.32, 19.41, 18.94)
(5, 15, 35, 45):(37.4, 24.4, 19.5, 18.7)
(5, 15, 35, 50):(37.51, 24.47, 19.58, 18.44)
(5, 15, 35, 60):(37.54, 24.56, 19.61, 18.28)
(5, 15, 35, 70):(37.64, 24.61, 19.69, 18.06)
(5, 15, 40, 40):(37.49, 24.43, 19.04, 19.05)
(5, 15, 40, 45):(37.61, 24.54, 19.1, 18.75)
(5, 15, 40, 50):(37.72, 24.61, 19.17, 18.5)
(5, 15, 40, 60):(37.74, 24.7, 19.23, 18.33)
(5, 15, 40, 70):(37.86, 24.75, 19.3, 18.1)
(5, 15, 45, 45):(37.7, 24.62, 18.83, 18.84)
(5, 15, 45, 50):(37.83, 24.74, 18.88, 18.55)
(5, 15, 45, 60):(37.83, 24.81, 18.98, 18.38)
(5, 15, 45, 70):(37.95, 24.83, 19.03, 18.19)
(5, 15, 50, 50):(37.93, 24.8, 18.65, 18.63)
(5, 15, 50, 60):(38.03, 24.88, 18.69, 18.4)
(5, 15, 50, 70):(38.1, 24.97, 18.74, 18.19)
(5, 15, 60, 60):(38.09, 25.0, 18.46, 18.45)
(5, 15, 60, 70):(38.23, 25.07, 18.51, 18.2)
(5, 15, 70, 70):(38.43, 25.17, 18.19, 18.2)
(5, 20, 20, 20):(36.28, 21.25, 21.23, 21.24)
(5, 20, 20, 25):(36.72, 21.6, 21.63, 20.05)
(5, 20, 20, 30):(36.87, 21.8, 21.81, 19.52)
(5, 20, 20, 35):(36.98, 21.93, 21.96, 19.12)
(5, 20, 20, 40):(37.13, 22.04, 22.05, 18.78)
(5, 20, 20, 45):(37.22, 22.09, 22.13, 18.56)
(5, 20, 20, 50):(37.29, 22.19, 22.22, 18.3)
(5, 20, 20, 60):(37.31, 22.26, 22.27, 18.17)
(5, 20, 20, 70):(37.42, 22.31, 22.31, 17.96)
(5, 20, 25, 25):(37.18, 22.03, 20.4, 20.39)
(5, 20, 25, 30):(37.35, 22.19, 20.6, 19.86)
(5, 20, 25, 35):(37.48, 22.32, 20.77, 19.42)
(5, 20, 25, 40):(37.66, 22.45, 20.8, 19.09)
(5, 20, 25, 45):(37.72, 22.54, 20.93, 18.81)
(5, 20, 25, 50):(37.79, 22.62, 21.0, 18.59)
(5, 20, 25, 60):(37.84, 22.69, 21.04, 18.43)
(5, 20, 25, 70):(37.95, 22.74, 21.09, 18.22)
(5, 20, 30, 30):(37.44, 22.4, 20.06, 20.09)
(5, 20, 30, 35):(37.66, 22.55, 20.19, 19.6)
(5, 20, 30, 40):(37.8, 22.67, 20.3, 19.23)
(5, 20, 30, 45):(37.87, 22.76, 20.39, 18.98)
(5, 20, 30, 50):(37.98, 22.84, 20.46, 18.72)
(5, 20, 30, 60):(38.04, 22.91, 20.51, 18.54)
(5, 20, 30, 70):(38.14, 22.98, 20.55, 18.33)
(5, 20, 35, 35):(37.86, 22.7, 19.72, 19.72)
(5, 20, 35, 40):(38.03, 22.87, 19.77, 19.33)
(5, 20, 35, 45):(38.14, 22.92, 19.86, 19.07)
(5, 20, 35, 50):(38.24, 23.0, 19.96, 18.79)
(5, 20, 35, 60):(38.27, 23.08, 20.05, 18.61)
(5, 20, 35, 70):(38.4, 23.15, 20.09, 18.36)
(5, 20, 40, 40):(38.2, 22.99, 19.41, 19.4)
(5, 20, 40, 45):(38.31, 23.08, 19.49, 19.12)
(5, 20, 40, 50):(38.42, 23.17, 19.56, 18.85)
(5, 20, 40, 60):(38.47, 23.25, 19.64, 18.63)
(5, 20, 40, 70):(38.6, 23.3, 19.71, 18.39)
(5, 20, 45, 45):(38.44, 23.16, 19.2, 19.2)
(5, 20, 45, 50):(38.54, 23.28, 19.26, 18.92)
(5, 20, 45, 60):(38.6, 23.31, 19.37, 18.73)
(5, 20, 45, 70):(38.73, 23.38, 19.43, 18.45)
(5, 20, 50, 50):(38.68, 23.35, 18.96, 19.01)
(5, 20, 50, 60):(38.75, 23.45, 19.07, 18.73)
(5, 20, 50, 70):(38.87, 23.52, 19.14, 18.48)
(5, 20, 60, 60):(38.85, 23.57, 18.79, 18.79)
(5, 20, 60, 70):(39.04, 23.61, 18.84, 18.52)
(5, 20, 70, 70):(39.21, 23.74, 18.52, 18.53)
(5, 25, 25, 25):(37.71, 20.78, 20.78, 20.74)
(5, 25, 25, 30):(37.86, 20.95, 20.97, 20.22)
(5, 25, 25, 35):(38.01, 21.09, 21.11, 19.78)
(5, 25, 25, 40):(38.15, 21.22, 21.24, 19.39)
(5, 25, 25, 45):(38.25, 21.31, 21.28, 19.15)
(5, 25, 25, 50):(38.33, 21.36, 21.39, 18.92)
(5, 25, 25, 60):(38.37, 21.45, 21.46, 18.72)
(5, 25, 25, 70):(38.48, 21.51, 21.52, 18.49)
(5, 25, 30, 30):(37.98, 21.18, 20.43, 20.42)
(5, 25, 30, 35):(38.17, 21.32, 20.55, 19.95)
(5, 25, 30, 40):(38.33, 21.42, 20.67, 19.59)
(5, 25, 30, 45):(38.45, 21.51, 20.73, 19.31)
(5, 25, 30, 50):(38.53, 21.62, 20.82, 19.02)
(5, 25, 30, 60):(38.59, 21.71, 20.88, 18.83)
(5, 25, 30, 70):(38.73, 21.76, 20.93, 18.58)
(5, 25, 35, 35):(38.42, 21.51, 20.01, 20.06)
(5, 25, 35, 40):(38.57, 21.64, 20.16, 19.63)
(5, 25, 35, 45):(38.71, 21.7, 20.26, 19.34)
(5, 25, 35, 50):(38.77, 21.82, 20.32, 19.09)
(5, 25, 35, 60):(38.82, 21.89, 20.4, 18.89)
(5, 25, 35, 70):(38.93, 21.98, 20.47, 18.62)
(5, 25, 40, 40):(38.78, 21.77, 19.72, 19.74)
(5, 25, 40, 45):(38.87, 21.87, 19.8, 19.46)
(5, 25, 40, 50):(38.97, 21.97, 19.9, 19.17)
(5, 25, 40, 60):(39.01, 22.06, 20.01, 18.92)
(5, 25, 40, 70):(39.13, 22.12, 20.07, 18.69)
(5, 25, 45, 45):(38.94, 22.0, 19.52, 19.54)
(5, 25, 45, 50):(39.09, 22.07, 19.58, 19.26)
(5, 25, 45, 60):(39.16, 22.16, 19.68, 19.0)
(5, 25, 45, 70):(39.29, 22.22, 19.75, 18.75)
(5, 25, 50, 50):(39.23, 22.18, 19.29, 19.3)
(5, 25, 50, 60):(39.32, 22.26, 19.39, 19.03)
(5, 25, 50, 70):(39.45, 22.35, 19.48, 18.72)
(5, 25, 60, 60):(39.44, 22.39, 19.09, 19.08)
(5, 25, 60, 70):(39.61, 22.49, 19.12, 18.77)
(5, 25, 70, 70):(39.81, 22.59, 18.81, 18.78)
(5, 30, 30, 30):(38.18, 20.62, 20.61, 20.6)
(5, 30, 30, 35):(38.38, 20.79, 20.73, 20.11)
(5, 30, 30, 40):(38.55, 20.87, 20.87, 19.72)
(5, 30, 30, 45):(38.64, 20.96, 20.96, 19.44)
(5, 30, 30, 50):(38.76, 21.07, 21.01, 19.16)
(5, 30, 30, 60):(38.81, 21.14, 21.1, 18.96)
(5, 30, 30, 70):(38.97, 21.17, 21.16, 18.7)
(5, 30, 35, 35):(38.59, 20.92, 20.24, 20.25)
(5, 30, 35, 40):(38.8, 21.04, 20.35, 19.81)
(5, 30, 35, 45):(38.91, 21.13, 20.43, 19.53)
(5, 30, 35, 50):(39.01, 21.23, 20.54, 19.23)
(5, 30, 35, 60):(39.1, 21.3, 20.61, 18.99)
(5, 30, 35, 70):(39.25, 21.34, 20.66, 18.75)
(5, 30, 40, 40):(39.0, 21.18, 19.91, 19.91)
(5, 30, 40, 45):(39.16, 21.26, 20.01, 19.57)
(5, 30, 40, 50):(39.26, 21.37, 20.07, 19.3)
(5, 30, 40, 60):(39.31, 21.47, 20.18, 19.04)
(5, 30, 40, 70):(39.47, 21.5, 20.24, 18.8)
(5, 30, 45, 45):(39.28, 21.35, 19.68, 19.68)
(5, 30, 45, 50):(39.39, 21.46, 19.75, 19.39)
(5, 30, 45, 60):(39.45, 21.55, 19.87, 19.13)
(5, 30, 45, 70):(39.63, 21.61, 19.9, 18.85)
(5, 30, 50, 50):(39.52, 21.58, 19.46, 19.44)
(5, 30, 50, 60):(39.64, 21.68, 19.53, 19.16)
(5, 30, 50, 70):(39.79, 21.73, 19.59, 18.89)
(5, 30, 60, 60):(39.81, 21.8, 19.2, 19.19)
(5, 30, 60, 70):(39.97, 21.85, 19.27, 18.92)
(5, 30, 70, 70):(40.19, 21.94, 18.94, 18.92)
(5, 35, 35, 35):(38.88, 20.35, 20.36, 20.41)
(5, 35, 35, 40):(39.1, 20.49, 20.48, 19.94)
(5, 35, 35, 45):(39.23, 20.6, 20.55, 19.62)
(5, 35, 35, 50):(39.36, 20.65, 20.66, 19.33)
(5, 35, 35, 60):(39.43, 20.74, 20.76, 19.07)
(5, 35, 35, 70):(39.54, 20.82, 20.82, 18.82)
(5, 35, 40, 40):(39.32, 20.61, 20.02, 20.05)
(5, 35, 40, 45):(39.47, 20.68, 20.14, 19.71)
(5, 35, 40, 50):(39.59, 20.79, 20.22, 19.41)
(5, 35, 40, 60):(39.7, 20.88, 20.29, 19.13)
(5, 35, 40, 70):(39.85, 20.93, 20.37, 18.84)
(5, 35, 45, 45):(39.62, 20.8, 19.79, 19.79)
(5, 35, 45, 50):(39.78, 20.89, 19.86, 19.47)
(5, 35, 45, 60):(39.86, 20.99, 19.95, 19.2)
(5, 35, 45, 70):(40.01, 21.04, 20.03, 18.91)
(5, 35, 50, 50):(39.93, 20.99, 19.54, 19.54)
(5, 35, 50, 60):(40.02, 21.13, 19.64, 19.21)
(5, 35, 50, 70):(40.22, 21.2, 19.67, 18.91)
(5, 35, 60, 60):(40.25, 21.23, 19.26, 19.26)
(5, 35, 60, 70):(40.43, 21.32, 19.31, 18.93)
(5, 35, 70, 70):(40.65, 21.41, 18.96, 18.98)
(5, 40, 40, 40):(39.58, 20.13, 20.15, 20.14)
(5, 40, 40, 45):(39.74, 20.22, 20.23, 19.81)
(5, 40, 40, 50):(39.89, 20.32, 20.31, 19.47)
(5, 40, 40, 60):(39.99, 20.41, 20.4, 19.19)
(5, 40, 40, 70):(40.16, 20.49, 20.47, 18.88)
(5, 40, 45, 45):(39.92, 20.33, 19.86, 19.89)
(5, 40, 45, 50):(40.06, 20.4, 19.97, 19.57)
(5, 40, 45, 60):(40.16, 20.51, 20.07, 19.26)
(5, 40, 45, 70):(40.34, 20.57, 20.15, 18.94)
(5, 40, 50, 50):(40.23, 20.53, 19.62, 19.62)
(5, 40, 50, 60):(40.37, 20.6, 19.73, 19.3)
(5, 40, 50, 70):(40.58, 20.69, 19.77, 18.95)
(5, 40, 60, 60):(40.55, 20.77, 19.34, 19.34)
(5, 40, 60, 70):(40.79, 20.82, 19.39, 19.01)
(5, 40, 70, 70):(41.02, 20.94, 19.01, 19.03)
(5, 45, 45, 45):(40.1, 19.97, 19.94, 19.99)
(5, 45, 45, 50):(40.27, 20.04, 20.05, 19.64)
(5, 45, 45, 60):(40.38, 20.13, 20.15, 19.34)
(5, 45, 45, 70):(40.57, 20.22, 20.22, 18.99)
(5, 45, 50, 50):(40.44, 20.14, 19.71, 19.72)
(5, 45, 50, 60):(40.6, 20.25, 19.79, 19.36)
(5, 45, 50, 70):(40.79, 20.33, 19.85, 19.03)
(5, 45, 60, 60):(40.79, 20.39, 19.4, 19.42)
(5, 45, 60, 70):(41.01, 20.47, 19.45, 19.07)
(5, 45, 70, 70):(41.26, 20.58, 19.06, 19.1)
(5, 50, 50, 50):(40.66, 19.78, 19.78, 19.79)
(5, 50, 50, 60):(40.83, 19.89, 19.88, 19.39)
(5, 50, 50, 70):(41.04, 19.98, 19.95, 19.03)
(5, 50, 60, 60):(41.05, 19.99, 19.47, 19.48)
(5, 50, 60, 70):(41.29, 20.09, 19.52, 19.1)
(5, 50, 70, 70):(41.57, 20.18, 19.12, 19.12)
(5, 60, 60, 60):(41.31, 19.57, 19.55, 19.56)
(5, 60, 60, 70):(41.61, 19.63, 19.59, 19.17)
(5, 60, 70, 70):(41.89, 19.72, 19.21, 19.18)
(5, 70, 70, 70):(42.23, 19.26, 19.24, 19.27)
(10, 10, 10, 10):(24.98, 24.99, 25.03, 25.0)
(10, 10, 10, 15):(25.7, 25.73, 25.77, 22.81)
(10, 10, 10, 20):(26.29, 26.3, 26.3, 21.11)
(10, 10, 10, 25):(26.71, 26.72, 26.66, 19.91)
(10, 10, 10, 30):(26.85, 26.86, 26.83, 19.46)
(10, 10, 10, 35):(26.96, 26.94, 26.93, 19.17)
(10, 10, 10, 40):(27.03, 27.04, 27.04, 18.89)
(10, 10, 10, 45):(27.1, 27.09, 27.12, 18.69)
(10, 10, 10, 50):(27.19, 27.19, 27.17, 18.44)
(10, 10, 10, 60):(27.21, 27.22, 27.26, 18.3)
(10, 10, 10, 70):(27.33, 27.34, 27.3, 18.03)
(10, 10, 15, 15):(26.59, 26.6, 23.43, 23.39)
(10, 10, 15, 20):(27.18, 27.21, 23.97, 21.64)
(10, 10, 15, 25):(27.59, 27.62, 24.42, 20.37)
(10, 10, 15, 30):(27.78, 27.8, 24.53, 19.89)
(10, 10, 15, 35):(27.93, 27.89, 24.65, 19.54)
(10, 10, 15, 40):(28.04, 28.04, 24.7, 19.21)
(10, 10, 15, 45):(28.14, 28.11, 24.78, 18.97)
(10, 10, 15, 50):(28.21, 28.21, 24.86, 18.73)
(10, 10, 15, 60):(28.23, 28.23, 24.96, 18.58)
(10, 10, 15, 70):(28.36, 28.33, 24.99, 18.33)
(10, 10, 20, 20):(27.84, 27.82, 22.15, 22.19)
(10, 10, 20, 25):(28.3, 28.3, 22.57, 20.83)
(10, 10, 20, 30):(28.45, 28.45, 22.74, 20.37)
(10, 10, 20, 35):(28.57, 28.59, 22.87, 19.96)
(10, 10, 20, 40):(28.74, 28.74, 22.93, 19.59)
(10, 10, 20, 45):(28.81, 28.8, 23.02, 19.37)
(10, 10, 20, 50):(28.92, 28.88, 23.08, 19.13)
(10, 10, 20, 60):(28.94, 28.97, 23.15, 18.94)
(10, 10, 20, 70):(29.06, 29.05, 23.24, 18.65)
(10, 10, 25, 25):(28.76, 28.78, 21.24, 21.22)
(10, 10, 25, 30):(28.96, 28.94, 21.41, 20.69)
(10, 10, 25, 35):(29.09, 29.12, 21.52, 20.26)
(10, 10, 25, 40):(29.24, 29.21, 21.59, 19.96)
(10, 10, 25, 45):(29.34, 29.32, 21.66, 19.68)
(10, 10, 25, 50):(29.4, 29.4, 21.73, 19.47)
(10, 10, 25, 60):(29.48, 29.45, 21.83, 19.23)
(10, 10, 25, 70):(29.6, 29.58, 21.89, 18.93)
(10, 10, 30, 30):(29.13, 29.12, 20.85, 20.89)
(10, 10, 30, 35):(29.29, 29.28, 20.99, 20.43)
(10, 10, 30, 40):(29.45, 29.42, 21.05, 20.07)
(10, 10, 30, 45):(29.52, 29.49, 21.14, 19.85)
(10, 10, 30, 50):(29.62, 29.61, 21.21, 19.56)
(10, 10, 30, 60):(29.68, 29.7, 21.29, 19.33)
(10, 10, 30, 70):(29.78, 29.8, 21.38, 19.04)
(10, 10, 35, 35):(29.48, 29.48, 20.53, 20.5)
(10, 10, 35, 40):(29.61, 29.63, 20.62, 20.14)
(10, 10, 35, 45):(29.72, 29.73, 20.67, 19.87)
(10, 10, 35, 50):(29.79, 29.83, 20.79, 19.6)
(10, 10, 35, 60):(29.86, 29.89, 20.89, 19.36)
(10, 10, 35, 70):(29.99, 29.97, 20.99, 19.05)
(10, 10, 40, 40):(29.76, 29.76, 20.22, 20.25)
(10, 10, 40, 45):(29.89, 29.87, 20.31, 19.93)
(10, 10, 40, 50):(29.98, 29.97, 20.37, 19.67)
(10, 10, 40, 60):(30.03, 30.07, 20.49, 19.4)
(10, 10, 40, 70):(30.17, 30.16, 20.57, 19.1)
(10, 10, 45, 45):(29.99, 30.0, 20.0, 20.01)
(10, 10, 45, 50):(30.11, 30.09, 20.08, 19.73)
(10, 10, 45, 60):(30.17, 30.14, 20.21, 19.48)
(10, 10, 45, 70):(30.27, 30.27, 20.31, 19.14)
(10, 10, 50, 50):(30.2, 30.2, 19.8, 19.8)
(10, 10, 50, 60):(30.27, 30.3, 19.91, 19.52)
(10, 10, 50, 70):(30.42, 30.4, 19.98, 19.19)
(10, 10, 60, 60):(30.43, 30.43, 19.56, 19.59)
(10, 10, 60, 70):(30.55, 30.55, 19.66, 19.24)
(10, 10, 70, 70):(30.73, 30.71, 19.27, 19.29)
(10, 15, 15, 15):(27.59, 24.15, 24.11, 24.15)
(10, 15, 15, 20):(28.25, 24.74, 24.73, 22.28)
(10, 15, 15, 25):(28.76, 25.17, 25.15, 20.93)
(10, 15, 15, 30):(28.94, 25.32, 25.33, 20.41)
(10, 15, 15, 35):(29.13, 25.48, 25.45, 19.95)
(10, 15, 15, 40):(29.23, 25.61, 25.59, 19.57)
(10, 15, 15, 45):(29.34, 25.65, 25.66, 19.35)
(10, 15, 15, 50):(29.44, 25.75, 25.74, 19.06)
(10, 15, 15, 60):(29.45, 25.8, 25.83, 18.92)
(10, 15, 15, 70):(29.53, 25.9, 25.9, 18.66)
(10, 15, 20, 20):(28.91, 25.39, 22.87, 22.83)
(10, 15, 20, 25):(29.46, 25.82, 23.28, 21.43)
(10, 15, 20, 30):(29.64, 26.01, 23.48, 20.87)
(10, 15, 20, 35):(29.82, 26.18, 23.6, 20.4)
(10, 15, 20, 40):(30.0, 26.28, 23.73, 20.0)
(10, 15, 20, 45):(30.07, 26.37, 23.82, 19.74)
(10, 15, 20, 50):(30.2, 26.43, 23.88, 19.49)
(10, 15, 20, 60):(30.24, 26.52, 23.96, 19.28)
(10, 15, 20, 70):(30.35, 26.63, 24.03, 18.99)
(10, 15, 25, 25):(29.98, 26.36, 21.84, 21.82)
(10, 15, 25, 30):(30.18, 26.54, 22.06, 21.22)
(10, 15, 25, 35):(30.4, 26.65, 22.19, 20.76)
(10, 15, 25, 40):(30.57, 26.76, 22.31, 20.36)
(10, 15, 25, 45):(30.66, 26.89, 22.36, 20.09)
(10, 15, 25, 50):(30.78, 26.94, 22.49, 19.79)
(10, 15, 25, 60):(30.81, 27.03, 22.56, 19.6)
(10, 15, 25, 70):(30.97, 27.13, 22.62, 19.29)
(10, 15, 30, 30):(30.39, 26.72, 21.44, 21.44)
(10, 15, 30, 35):(30.61, 26.85, 21.6, 20.94)
(10, 15, 30, 40):(30.82, 26.98, 21.68, 20.51)
(10, 15, 30, 45):(30.92, 27.08, 21.77, 20.23)
(10, 15, 30, 50):(31.03, 27.18, 21.85, 19.94)
(10, 15, 30, 60):(31.1, 27.27, 21.91, 19.72)
(10, 15, 30, 70):(31.2, 27.38, 22.03, 19.4)
(10, 15, 35, 35):(30.9, 27.04, 21.02, 21.04)
(10, 15, 35, 40):(31.08, 27.15, 21.17, 20.6)
(10, 15, 35, 45):(31.18, 27.27, 21.24, 20.31)
(10, 15, 35, 50):(31.31, 27.36, 21.32, 20.01)
(10, 15, 35, 60):(31.37, 27.44, 21.44, 19.74)
(10, 15, 35, 70):(31.51, 27.55, 21.5, 19.44)
(10, 15, 40, 40):(31.29, 27.3, 20.7, 20.72)
(10, 15, 40, 45):(31.41, 27.43, 20.8, 20.36)
(10, 15, 40, 50):(31.53, 27.5, 20.87, 20.1)
(10, 15, 40, 60):(31.6, 27.61, 20.99, 19.8)
(10, 15, 40, 70):(31.73, 27.72, 21.06, 19.5)
(10, 15, 45, 45):(31.55, 27.5, 20.48, 20.48)
(10, 15, 45, 50):(31.66, 27.62, 20.56, 20.16)
(10, 15, 45, 60):(31.77, 27.73, 20.65, 19.85)
(10, 15, 45, 70):(31.86, 27.84, 20.75, 19.55)
(10, 15, 50, 50):(31.8, 27.74, 20.23, 20.23)
(10, 15, 50, 60):(31.9, 27.85, 20.33, 19.92)
(10, 15, 50, 70):(32.05, 27.96, 20.43, 19.55)
(10, 15, 60, 60):(32.06, 28.0, 19.98, 19.97)
(10, 15, 60, 70):(32.2, 28.14, 20.05, 19.61)
(10, 15, 70, 70):(32.38, 28.3, 19.65, 19.67)
(10, 20, 20, 20):(29.73, 23.41, 23.43, 23.43)
(10, 20, 20, 25):(30.23, 23.9, 23.9, 21.98)
(10, 20, 20, 30):(30.45, 24.09, 24.07, 21.39)
(10, 20, 20, 35):(30.69, 24.23, 24.22, 20.86)
(10, 20, 20, 40):(30.81, 24.34, 24.35, 20.49)
(10, 20, 20, 45):(30.92, 24.43, 24.48, 20.18)
(10, 20, 20, 50):(31.07, 24.51, 24.51, 19.9)
(10, 20, 20, 60):(31.14, 24.6, 24.6, 19.65)
(10, 20, 20, 70):(31.23, 24.73, 24.7, 19.34)
(10, 20, 25, 25):(30.81, 24.4, 22.39, 22.4)
(10, 20, 25, 30):(31.03, 24.58, 22.63, 21.76)
(10, 20, 25, 35):(31.26, 24.72, 22.77, 21.24)
(10, 20, 25, 40):(31.45, 24.85, 22.86, 20.84)
(10, 20, 25, 45):(31.56, 24.93, 22.97, 20.55)
(10, 20, 25, 50):(31.62, 25.03, 23.08, 20.27)
(10, 20, 25, 60):(31.75, 25.09, 23.17, 19.99)
(10, 20, 25, 70):(31.87, 25.24, 23.23, 19.66)
(10, 20, 30, 30):(31.32, 24.76, 21.96, 21.96)
(10, 20, 30, 35):(31.54, 24.92, 22.1, 21.44)
(10, 20, 30, 40):(31.69, 25.09, 22.22, 21.0)
(10, 20, 30, 45):(31.82, 25.16, 22.33, 20.69)
(10, 20, 30, 50):(31.91, 25.27, 22.43, 20.39)
(10, 20, 30, 60):(32.02, 25.36, 22.5, 20.12)
(10, 20, 30, 70):(32.18, 25.46, 22.59, 19.77)
(10, 20, 35, 35):(31.8, 25.12, 21.55, 21.52)
(10, 20, 35, 40):(31.99, 25.28, 21.64, 21.09)
(10, 20, 35, 45):(32.13, 25.35, 21.77, 20.75)
(10, 20, 35, 50):(32.21, 25.46, 21.86, 20.48)
(10, 20, 35, 60):(32.35, 25.54, 21.97, 20.13)
(10, 20, 35, 70):(32.48, 25.64, 22.06, 19.82)
(10, 20, 40, 40):(32.2, 25.39, 21.2, 21.21)
(10, 20, 40, 45):(32.33, 25.55, 21.27, 20.86)
(10, 20, 40, 50):(32.45, 25.64, 21.38, 20.53)
(10, 20, 40, 60):(32.58, 25.71, 21.51, 20.21)
(10, 20, 40, 70):(32.73, 25.82, 21.6, 19.85)
(10, 20, 45, 45):(32.5, 25.61, 20.95, 20.94)
(10, 20, 45, 50):(32.63, 25.72, 21.01, 20.64)
(10, 20, 45, 60):(32.72, 25.83, 21.14, 20.31)
(10, 20, 45, 70):(32.86, 25.93, 21.3, 19.91)
(10, 20, 50, 50):(32.76, 25.84, 20.7, 20.71)
(10, 20, 50, 60):(32.91, 25.96, 20.8, 20.34)
(10, 20, 50, 70):(33.05, 26.05, 20.96, 19.94)
(10, 20, 60, 60):(33.06, 26.13, 20.39, 20.42)
(10, 20, 60, 70):(33.23, 26.24, 20.49, 20.03)
(10, 20, 70, 70):(33.48, 26.37, 20.07, 20.08)
(10, 25, 25, 25):(31.43, 22.84, 22.86, 22.87)
(10, 25, 25, 30):(31.66, 23.06, 23.11, 22.18)
(10, 25, 25, 35):(31.89, 23.26, 23.22, 21.63)
(10, 25, 25, 40):(32.07, 23.33, 23.36, 21.24)
(10, 25, 25, 45):(32.2, 23.44, 23.44, 20.92)
(10, 25, 25, 50):(32.3, 23.54, 23.53, 20.63)
(10, 25, 25, 60):(32.41, 23.62, 23.64, 20.33)
(10, 25, 25, 70):(32.54, 23.72, 23.75, 19.99)
(10, 25, 30, 30):(31.91, 23.3, 22.4, 22.39)
(10, 25, 30, 35):(32.15, 23.46, 22.55, 21.85)
(10, 25, 30, 40):(32.38, 23.59, 22.65, 21.38)
(10, 25, 30, 45):(32.47, 23.7, 22.76, 21.07)
(10, 25, 30, 50):(32.61, 23.78, 22.84, 20.77)
(10, 25, 30, 60):(32.7, 23.87, 22.96, 20.47)
(10, 25, 30, 70):(32.84, 24.01, 23.05, 20.1)
(10, 25, 35, 35):(32.44, 23.66, 21.93, 21.97)
(10, 25, 35, 40):(32.65, 23.77, 22.09, 21.5)
(10, 25, 35, 45):(32.81, 23.88, 22.14, 21.17)
(10, 25, 35, 50):(32.9, 23.99, 22.26, 20.85)
(10, 25, 35, 60):(33.01, 24.07, 22.39, 20.54)
(10, 25, 35, 70):(33.21, 24.18, 22.51, 20.11)
(10, 25, 40, 40):(32.9, 23.9, 21.59, 21.61)
(10, 25, 40, 45):(33.03, 24.06, 21.72, 21.2)
(10, 25, 40, 50):(33.16, 24.11, 21.8, 20.93)
(10, 25, 40, 60):(33.29, 24.25, 21.88, 20.58)
(10, 25, 40, 70):(33.44, 24.33, 22.04, 20.19)
(10, 25, 45, 45):(33.17, 24.18, 21.31, 21.34)
(10, 25, 45, 50):(33.32, 24.26, 21.42, 21.0)
(10, 25, 45, 60):(33.46, 24.36, 21.54, 20.63)
(10, 25, 45, 70):(33.58, 24.51, 21.65, 20.26)
(10, 25, 50, 50):(33.45, 24.39, 21.08, 21.09)
(10, 25, 50, 60):(33.62, 24.49, 21.2, 20.69)
(10, 25, 50, 70):(33.8, 24.6, 21.32, 20.28)
(10, 25, 60, 60):(33.82, 24.62, 20.76, 20.79)
(10, 25, 60, 70):(34.02, 24.76, 20.87, 20.35)
(10, 25, 70, 70):(34.19, 24.93, 20.44, 20.44)
(10, 30, 30, 30):(32.2, 22.62, 22.6, 22.59)
(10, 30, 30, 35):(32.46, 22.75, 22.76, 22.03)
(10, 30, 30, 40):(32.64, 22.88, 22.88, 21.6)
(10, 30, 30, 45):(32.79, 22.98, 23.0, 21.23)
(10, 30, 30, 50):(32.92, 23.09, 23.07, 20.92)
(10, 30, 30, 60):(33.04, 23.19, 23.16, 20.61)
(10, 30, 30, 70):(33.18, 23.28, 23.3, 20.23)
(10, 30, 35, 35):(32.73, 22.95, 22.18, 22.14)
(10, 30, 35, 40):(32.96, 23.06, 22.28, 21.69)
(10, 30, 35, 45):(33.15, 23.16, 22.41, 21.28)
(10, 30, 35, 50):(33.29, 23.23, 22.49, 20.99)
(10, 30, 35, 60):(33.41, 23.35, 22.61, 20.64)
(10, 30, 35, 70):(33.56, 23.45, 22.72, 20.27)
(10, 30, 40, 40):(33.23, 23.19, 21.76, 21.81)
(10, 30, 40, 45):(33.4, 23.34, 21.88, 21.38)
(10, 30, 40, 50):(33.51, 23.42, 21.99, 21.08)
(10, 30, 40, 60):(33.65, 23.52, 22.12, 20.7)
(10, 30, 40, 70):(33.86, 23.61, 22.23, 20.3)
(10, 30, 45, 45):(33.56, 23.45, 21.49, 21.5)
(10, 30, 45, 50):(33.74, 23.52, 21.58, 21.17)
(10, 30, 45, 60):(33.85, 23.66, 21.71, 20.78)
(10, 30, 45, 70):(34.04, 23.73, 21.85, 20.38)
(10, 30, 50, 50):(33.88, 23.67, 21.22, 21.22)
(10, 30, 50, 60):(34.04, 23.78, 21.36, 20.82)
(10, 30, 50, 70):(34.24, 23.88, 21.47, 20.41)
(10, 30, 60, 60):(34.26, 23.9, 20.89, 20.94)
(10, 30, 60, 70):(34.47, 24.03, 21.0, 20.5)
(10, 30, 70, 70):(34.71, 24.19, 20.56, 20.54)
(10, 35, 35, 35):(33.14, 22.3, 22.28, 22.28)
(10, 35, 35, 40):(33.36, 22.41, 22.43, 21.8)
(10, 35, 35, 45):(33.53, 22.51, 22.56, 21.4)
(10, 35, 35, 50):(33.68, 22.61, 22.64, 21.08)
(10, 35, 35, 60):(33.82, 22.75, 22.74, 20.69)
(10, 35, 35, 70):(33.98, 22.86, 22.84, 20.31)
(10, 35, 40, 40):(33.63, 22.57, 21.89, 21.92)
(10, 35, 40, 45):(33.84, 22.68, 21.99, 21.49)
(10, 35, 40, 50):(33.98, 22.75, 22.12, 21.15)
(10, 35, 40, 60):(34.1, 22.91, 22.24, 20.75)
(10, 35, 40, 70):(34.29, 23.01, 22.35, 20.35)
(10, 35, 45, 45):(34.05, 22.76, 21.6, 21.59)
(10, 35, 45, 50):(34.18, 22.89, 21.68, 21.25)
(10, 35, 45, 60):(34.35, 22.99, 21.82, 20.85)
(10, 35, 45, 70):(34.52, 23.1, 21.92, 20.45)
(10, 35, 50, 50):(34.37, 22.98, 21.31, 21.34)
(10, 35, 50, 60):(34.56, 23.13, 21.41, 20.9)
(10, 35, 50, 70):(34.7, 23.26, 21.57, 20.47)
(10, 35, 60, 60):(34.79, 23.29, 20.95, 20.97)
(10, 35, 60, 70):(34.99, 23.42, 21.06, 20.53)
(10, 35, 70, 70):(35.24, 23.57, 20.58, 20.61)
(10, 40, 40, 40):(33.93, 22.02, 22.02, 22.03)
(10, 40, 40, 45):(34.13, 22.13, 22.13, 21.61)
(10, 40, 40, 50):(34.3, 22.24, 22.24, 21.22)
(10, 40, 40, 60):(34.46, 22.36, 22.35, 20.83)
(10, 40, 40, 70):(34.63, 22.48, 22.47, 20.42)
(10, 40, 45, 45):(34.35, 22.26, 21.69, 21.7)
(10, 40, 45, 50):(34.51, 22.33, 21.81, 21.34)
(10, 40, 45, 60):(34.71, 22.47, 21.94, 20.88)
(10, 40, 45, 70):(34.86, 22.6, 22.04, 20.5)
(10, 40, 50, 50):(34.71, 22.43, 21.43, 21.43)
(10, 40, 50, 60):(34.91, 22.59, 21.56, 20.94)
(10, 40, 50, 70):(35.11, 22.71, 21.66, 20.51)
(10, 40, 60, 60):(35.15, 22.77, 21.04, 21.04)
(10, 40, 60, 70):(35.36, 22.89, 21.17, 20.59)
(10, 40, 70, 70):(35.64, 23.04, 20.64, 20.68)
(10, 45, 45, 45):(34.57, 21.81, 21.79, 21.82)
(10, 45, 45, 50):(34.76, 21.89, 21.91, 21.44)
(10, 45, 45, 60):(34.94, 22.03, 22.02, 21.01)
(10, 45, 45, 70):(35.12, 22.16, 22.16, 20.55)
(10, 45, 50, 50):(34.97, 22.01, 21.5, 21.52)
(10, 45, 50, 60):(35.17, 22.16, 21.63, 21.04)
(10, 45, 50, 70):(35.41, 22.26, 21.76, 20.58)
(10, 45, 60, 60):(35.42, 22.31, 21.12, 21.15)
(10, 45, 60, 70):(35.63, 22.47, 21.24, 20.66)
(10, 45, 70, 70):(35.94, 22.63, 20.69, 20.73)
(10, 50, 50, 50):(35.16, 21.61, 21.62, 21.61)
(10, 50, 50, 60):(35.41, 21.73, 21.72, 21.14)
(10, 50, 50, 70):(35.63, 21.86, 21.87, 20.64)
(10, 50, 60, 60):(35.69, 21.89, 21.21, 21.21)
(10, 50, 60, 70):(35.95, 22.04, 21.31, 20.7)
(10, 50, 70, 70):(36.22, 22.22, 20.78, 20.78)
(10, 60, 60, 60):(36.01, 21.34, 21.32, 21.34)
(10, 60, 60, 70):(36.29, 21.46, 21.45, 20.8)
(10, 60, 70, 70):(36.63, 21.58, 20.88, 20.9)
(10, 70, 70, 70):(36.98, 21.02, 20.98, 21.01)
(15, 15, 15, 15):(24.99, 25.0, 25.0, 25.02)
(15, 15, 15, 20):(25.6433, 25.6433, 25.6433, 23.07)
(15, 15, 15, 25):(26.12, 26.13, 26.1, 21.65)
(15, 15, 15, 30):(26.29, 26.34, 26.34, 21.03)
(15, 15, 15, 35):(26.48, 26.5, 26.52, 20.5)
(15, 15, 15, 40):(26.63, 26.65, 26.63, 20.09)
(15, 15, 15, 45):(26.73, 26.75, 26.74, 19.78)
(15, 15, 15, 50):(26.79, 26.84, 26.85, 19.51)
(15, 15, 15, 60):(26.87, 26.91, 26.9, 19.32)
(15, 15, 15, 70):(26.97, 26.97, 26.95, 19.11)
(15, 15, 20, 20):(26.31, 26.34, 23.67, 23.68)
(15, 15, 20, 25):(26.85, 26.86, 24.11, 22.18)
(15, 15, 20, 30):(27.06, 27.05, 24.34, 21.54)
(15, 15, 20, 35):(27.26, 27.25, 24.55, 20.95)
(15, 15, 20, 40):(27.39, 27.38, 24.7, 20.53)
(15, 15, 20, 45):(27.52, 27.5, 24.76, 20.22)
(15, 15, 20, 50):(27.56, 27.61, 24.88, 19.95)
(15, 15, 20, 60):(27.65, 27.69, 24.95, 19.71)
(15, 15, 20, 70):(27.77, 27.78, 25.04, 19.41)
(15, 15, 25, 25):(27.37, 27.4, 22.61, 22.62)
(15, 15, 25, 30):(27.59, 27.6, 22.85, 21.96)
(15, 15, 25, 35):(27.79, 27.82, 23.03, 21.36)
(15, 15, 25, 40):(27.96, 27.98, 23.17, 20.9)
(15, 15, 25, 45):(28.06, 28.09, 23.26, 20.6)
(15, 15, 25, 50):(28.18, 28.16, 23.35, 20.32)
(15, 15, 25, 60):(28.24, 28.26, 23.44, 20.05)
(15, 15, 25, 70):(28.38, 28.4, 23.52, 19.71)
(15, 15, 30, 30):(27.82, 27.85, 22.17, 22.16)
(15, 15, 30, 35):(28.04, 28.04, 22.35, 21.57)
(15, 15, 30, 40):(28.2, 28.22, 22.48, 21.1)
(15, 15, 30, 45):(28.35, 28.35, 22.56, 20.75)
(15, 15, 30, 50):(28.47, 28.45, 22.64, 20.43)
(15, 15, 30, 60):(28.52, 28.56, 22.76, 20.17)
(15, 15, 30, 70):(28.65, 28.67, 22.81, 19.87)
(15, 15, 35, 35):(28.3, 28.29, 21.7, 21.7)
(15, 15, 35, 40):(28.46, 28.5, 21.86, 21.19)
(15, 15, 35, 45):(28.58, 28.58, 21.96, 20.88)
(15, 15, 35, 50):(28.7, 28.72, 22.02, 20.55)
(15, 15, 35, 60):(28.83, 28.82, 22.11, 20.24)
(15, 15, 35, 70):(28.93, 28.95, 22.22, 19.9)
(15, 15, 40, 40):(28.69, 28.66, 21.32, 21.33)
(15, 15, 40, 45):(28.8, 28.81, 21.42, 20.96)
(15, 15, 40, 50):(28.95, 28.92, 21.5, 20.63)
(15, 15, 40, 60):(29.04, 29.05, 21.61, 20.3)
(15, 15, 40, 70):(29.16, 29.14, 21.72, 19.97)
(15, 15, 45, 45):(28.95, 28.94, 21.03, 21.07)
(15, 15, 45, 50):(29.04, 29.07, 21.16, 20.74)
(15, 15, 45, 60):(29.16, 29.19, 21.26, 20.39)
(15, 15, 45, 70):(29.3, 29.32, 21.34, 20.04)
(15, 15, 50, 50):(29.19, 29.22, 20.8, 20.78)
(15, 15, 50, 60):(29.35, 29.34, 20.88, 20.43)
(15, 15, 50, 70):(29.47, 29.46, 21.01, 20.06)
(15, 15, 60, 60):(29.5, 29.5, 20.5, 20.5)
(15, 15, 60, 70):(29.65, 29.67, 20.57, 20.12)
(15, 15, 70, 70):(29.83, 29.85, 20.16, 20.15)
(15, 20, 20, 20):(27.1, 24.3, 24.32, 24.28)
(15, 20, 20, 25):(27.61, 24.81, 24.82, 22.76)
(15, 20, 20, 30):(27.85, 25.03, 25.01, 22.11)
(15, 20, 20, 35):(28.07, 25.23, 25.23, 21.47)
(15, 20, 20, 40):(28.2, 25.39, 25.4, 21.01)
(15, 20, 20, 45):(28.32, 25.5, 25.49, 20.69)
(15, 20, 20, 50):(28.43, 25.57, 25.57, 20.43)
(15, 20, 20, 60):(28.52, 25.69, 25.69, 20.1)
(15, 20, 20, 70):(28.66, 25.78, 25.78, 19.78)
(15, 20, 25, 25):(28.23, 25.36, 23.18, 23.22)
(15, 20, 25, 30):(28.46, 25.59, 23.47, 22.49)
(15, 20, 25, 35):(28.65, 25.76, 23.71, 21.89)
(15, 20, 25, 40):(28.82, 25.96, 23.81, 21.4)
(15, 20, 25, 45):(28.94, 26.06, 23.94, 21.06)
(15, 20, 25, 50):(29.04, 26.16, 24.03, 20.76)
(15, 20, 25, 60):(29.14, 26.25, 24.12, 20.48)
(15, 20, 25, 70):(29.3, 26.39, 24.2, 20.12)
(15, 20, 30, 30):(28.68, 25.85, 22.75, 22.72)
(15, 20, 30, 35):(28.95, 26.04, 22.9, 22.12)
(15, 20, 30, 40):(29.08, 26.25, 23.07, 21.6)
(15, 20, 30, 45):(29.23, 26.35, 23.18, 21.25)
(15, 20, 30, 50):(29.33, 26.47, 23.29, 20.92)
(15, 20, 30, 60):(29.48, 26.53, 23.37, 20.62)
(15, 20, 30, 70):(29.6, 26.68, 23.47, 20.24)
(15, 20, 35, 35):(29.2, 26.3, 22.24, 22.26)
(15, 20, 35, 40):(29.38, 26.49, 22.41, 21.73)
(15, 20, 35, 45):(29.54, 26.6, 22.48, 21.38)
(15, 20, 35, 50):(29.62, 26.72, 22.62, 21.04)
(15, 20, 35, 60):(29.81, 26.83, 22.7, 20.67)
(15, 20, 35, 70):(29.9, 26.96, 22.83, 20.31)
(15, 20, 40, 40):(29.58, 26.68, 21.87, 21.87)
(15, 20, 40, 45):(29.78, 26.81, 21.94, 21.47)
(15, 20, 40, 50):(29.89, 26.91, 22.06, 21.14)
(15, 20, 40, 60):(30.01, 27.07, 22.18, 20.75)
(15, 20, 40, 70):(30.15, 27.17, 22.32, 20.36)
(15, 20, 45, 45):(29.91, 26.96, 21.57, 21.56)
(15, 20, 45, 50):(30.06, 27.07, 21.65, 21.22)
(15, 20, 45, 60):(30.2, 27.19, 21.78, 20.83)
(15, 20, 45, 70):(30.35, 27.32, 21.89, 20.44)
(15, 20, 50, 50):(30.18, 27.22, 21.31, 21.29)
(15, 20, 50, 60):(30.35, 27.36, 21.4, 20.89)
(15, 20, 50, 70):(30.52, 27.48, 21.54, 20.47)
(15, 20, 60, 60):(30.56, 27.52, 20.95, 20.97)
(15, 20, 60, 70):(30.71, 27.7, 21.07, 20.53)
(15, 20, 70, 70):(30.97, 27.86, 20.58, 20.59)
(15, 25, 25, 25):(28.81, 23.71, 23.74, 23.74)
(15, 25, 25, 30):(29.1, 23.96, 24.0, 22.94)
(15, 25, 25, 35):(29.28, 24.19, 24.2, 22.34)
(15, 25, 25, 40):(29.48, 24.32, 24.37, 21.83)
(15, 25, 25, 45):(29.61, 24.46, 24.46, 21.47)
(15, 25, 25, 50):(29.71, 24.57, 24.57, 21.15)
(15, 25, 25, 60):(29.85, 24.66, 24.66, 20.83)
(15, 25, 25, 70):(30.03, 24.75, 24.76, 20.46)
(15, 25, 30, 30):(29.37, 24.24, 23.2, 23.2)
(15, 25, 30, 35):(29.58, 24.48, 23.4, 22.54)
(15, 25, 30, 40):(29.78, 24.61, 23.54, 22.07)
(15, 25, 30, 45):(29.92, 24.76, 23.67, 21.65)
(15, 25, 30, 50):(30.05, 24.87, 23.77, 21.32)
(15, 25, 30, 60):(30.16, 24.99, 23.88, 20.98)
(15, 25, 30, 70):(30.32, 25.09, 23.97, 20.62)
(15, 25, 35, 35):(29.88, 24.72, 22.68, 22.72)
(15, 25, 35, 40):(30.08, 24.9, 22.86, 22.15)
(15, 25, 35, 45):(30.23, 25.04, 22.96, 21.77)
(15, 25, 35, 50):(30.32, 25.16, 23.08, 21.43)
(15, 25, 35, 60):(30.5, 25.26, 23.2, 21.04)
(15, 25, 35, 70):(30.66, 25.37, 23.32, 20.65)
(15, 25, 40, 40):(30.29, 25.1, 22.29, 22.32)
(15, 25, 40, 45):(30.47, 25.27, 22.38, 21.88)
(15, 25, 40, 50):(30.61, 25.36, 22.5, 21.54)
(15, 25, 40, 60):(30.75, 25.47, 22.64, 21.14)
(15, 25, 40, 70):(30.9, 25.58, 22.77, 20.75)
(15, 25, 45, 45):(30.65, 25.41, 21.97, 21.97)
(15, 25, 45, 50):(30.73, 25.53, 22.1, 21.65)
(15, 25, 45, 60):(30.92, 25.65, 22.22, 21.22)
(15, 25, 45, 70):(31.11, 25.75, 22.33, 20.8)
(15, 25, 50, 50):(30.93, 25.63, 21.72, 21.72)
(15, 25, 50, 60):(31.11, 25.79, 21.8, 21.3)
(15, 25, 50, 70):(31.3, 25.92, 21.94, 20.85)
(15, 25, 60, 60):(31.32, 25.97, 21.35, 21.36)
(15, 25, 60, 70):(31.52, 26.1, 21.44, 20.93)
(15, 25, 70, 70):(31.75, 26.3, 21.0, 20.95)
(15, 30, 30, 30):(29.63, 23.47, 23.45, 23.45)
(15, 30, 30, 35):(29.92, 23.68, 23.64, 22.77)
(15, 30, 30, 40):(30.1, 23.84, 23.84, 22.23)
(15, 30, 30, 45):(30.25, 23.95, 23.94, 21.85)
(15, 30, 30, 50):(30.37, 24.07, 24.04, 21.52)
(15, 30, 30, 60):(30.54, 24.16, 24.16, 21.14)
(15, 30, 30, 70):(30.72, 24.25, 24.27, 20.77)
(15, 30, 35, 35):(30.23, 23.87, 22.97, 22.93)
(15, 30, 35, 40):(30.42, 24.06, 23.14, 22.38)
(15, 30, 35, 45):(30.62, 24.2, 23.21, 21.97)
(15, 30, 35, 50):(30.71, 24.31, 23.36, 21.62)
(15, 30, 35, 60):(30.9, 24.43, 23.45, 21.21)
(15, 30, 35, 70):(31.1, 24.51, 23.56, 20.82)
(15, 30, 40, 40):(30.66, 24.27, 22.56, 22.51)
(15, 30, 40, 45):(30.83, 24.42, 22.66, 22.1)
(15, 30, 40, 50):(31.0, 24.51, 22.78, 21.71)
(15, 30, 40, 60):(31.2, 24.63, 22.88, 21.29)
(15, 30, 40, 70):(31.34, 24.79, 23.01, 20.87)
(15, 30, 45, 45):(31.05, 24.53, 22.21, 22.21)
(15, 30, 45, 50):(31.19, 24.64, 22.32, 21.85)
(15, 30, 45, 60):(31.37, 24.78, 22.45, 21.39)
(15, 30, 45, 70):(31.54, 24.91, 22.57, 20.98)
(15, 30, 50, 50):(31.38, 24.79, 21.93, 21.91)
(15, 30, 50, 60):(31.61, 24.93, 22.04, 21.42)
(15, 30, 50, 70):(31.76, 25.06, 22.17, 21.0)
(15, 30, 60, 60):(31.81, 25.11, 21.54, 21.54)
(15, 30, 60, 70):(32.04, 25.23, 21.67, 21.06)
(15, 30, 70, 70):(32.33, 25.4, 21.14, 21.13)
(15, 35, 35, 35):(30.57, 23.13, 23.12, 23.18)
(15, 35, 35, 40):(30.81, 23.33, 23.3, 22.56)
(15, 35, 35, 45):(31.01, 23.45, 23.43, 22.11)
(15, 35, 35, 50):(31.16, 23.53, 23.57, 21.73)
(15, 35, 35, 60):(31.3, 23.69, 23.68, 21.32)
(15, 35, 35, 70):(31.5, 23.81, 23.78, 20.91)
(15, 35, 40, 40):(31.09, 23.5, 22.7, 22.71)
(15, 35, 40, 45):(31.31, 23.62, 22.83, 22.24)
(15, 35, 40, 50):(31.45, 23.76, 22.92, 21.87)
(15, 35, 40, 60):(31.66, 23.88, 23.08, 21.39)
(15, 35, 40, 70):(31.83, 24.0, 23.2, 20.98)
(15, 35, 45, 45):(31.51, 23.76, 22.36, 22.37)
(15, 35, 45, 50):(31.71, 23.86, 22.48, 21.95)
(15, 35, 45, 60):(31.89, 24.03, 22.58, 21.5)
(15, 35, 45, 70):(32.07, 24.14, 22.73, 21.05)
(15, 35, 50, 50):(31.87, 24.02, 22.06, 22.04)
(15, 35, 50, 60):(32.1, 24.17, 22.16, 21.57)
(15, 35, 50, 70):(32.3, 24.31, 22.31, 21.08)
(15, 35, 60, 60):(32.37, 24.33, 21.65, 21.65)
(15, 35, 60, 70):(32.58, 24.5, 21.75, 21.17)
(15, 35, 70, 70):(32.86, 24.66, 21.25, 21.23)
(15, 40, 40, 40):(31.39, 22.88, 22.85, 22.88)
(15, 40, 40, 45):(31.62, 23.01, 23.01, 22.36)
(15, 40, 40, 50):(31.81, 23.12, 23.09, 21.98)
(15, 40, 40, 60):(31.98, 23.23, 23.28, 21.52)
(15, 40, 40, 70):(32.2, 23.39, 23.35, 21.06)
(15, 40, 45, 45):(31.84, 23.15, 22.53, 22.48)
(15, 40, 45, 50):(32.03, 23.26, 22.62, 22.09)
(15, 40, 45, 60):(32.24, 23.4, 22.76, 21.59)
(15, 40, 45, 70):(32.46, 23.52, 22.87, 21.15)
(15, 40, 50, 50):(32.22, 23.37, 22.21, 22.2)
(15, 40, 50, 60):(32.47, 23.56, 22.31, 21.66)
(15, 40, 50, 70):(32.69, 23.66, 22.45, 21.2)
(15, 40, 60, 60):(32.74, 23.72, 21.77, 21.77)
(15, 40, 60, 70):(33.0, 23.87, 21.84, 21.29)
(15, 40, 70, 70):(33.24, 24.07, 21.34, 21.35)
(15, 45, 45, 45):(32.06, 22.65, 22.64, 22.65)
(15, 45, 45, 50):(32.26, 22.74, 22.75, 22.25)
(15, 45, 45, 60):(32.51, 22.89, 22.9, 21.7)
(15, 45, 45, 70):(32.7, 23.04, 23.02, 21.24)
(15, 45, 50, 50):(32.48, 22.88, 22.32, 22.32)
(15, 45, 50, 60):(32.75, 23.03, 22.45, 21.77)
(15, 45, 50, 70):(32.98, 23.17, 22.56, 21.29)
(15, 45, 60, 60):(33.06, 23.19, 21.87, 21.88)
(15, 45, 60, 70):(33.29, 23.37, 21.99, 21.35)
(15, 45, 70, 70):(33.58, 23.55, 21.43, 21.44)
(15, 50, 50, 50):(32.73, 22.41, 22.43, 22.43)
(15, 50, 50, 60):(33.04, 22.58, 22.54, 21.84)
(15, 50, 50, 70):(33.27, 22.7, 22.69, 21.34)
(15, 50, 60, 60):(33.34, 22.74, 21.97, 21.96)
(15, 50, 60, 70):(33.62, 22.89, 22.08, 21.41)
(15, 50, 70, 70):(33.91, 23.05, 21.51, 21.53)
(15, 60, 60, 60):(33.71, 22.11, 22.08, 22.1)
(15, 60, 60, 70):(34.01, 22.22, 22.21, 21.56)
(15, 60, 70, 70):(34.37, 22.38, 21.63, 21.62)
(15, 70, 70, 70):(34.72, 21.78, 21.74, 21.76)
(20, 20, 20, 20):(25.0, 25.0, 25.02, 24.98)
(20, 20, 20, 25):(25.53, 25.52, 25.53, 23.41)
(20, 20, 20, 30):(25.76, 25.76, 25.8, 22.68)
(20, 20, 20, 35):(26.02, 25.99, 25.97, 22.02)
(20, 20, 20, 40):(26.15, 26.14, 26.15, 21.56)
(20, 20, 20, 45):(26.27, 26.27, 26.27, 21.19)
(20, 20, 20, 50):(26.37, 26.39, 26.33, 20.91)
(20, 20, 20, 60):(26.48, 26.49, 26.44, 20.59)
(20, 20, 20, 70):(26.61, 26.6, 26.6, 20.2)
(20, 20, 25, 25):(26.08, 26.07, 23.92, 23.92)
(20, 20, 25, 30):(26.35, 26.36, 24.18, 23.11)
(20, 20, 25, 35):(26.56, 26.56, 24.4, 22.48)
(20, 20, 25, 40):(26.74, 26.76, 24.53, 21.98)
(20, 20, 25, 45):(26.92, 26.84, 24.66, 21.58)
(20, 20, 25, 50):(26.99, 26.96, 24.78, 21.27)
(20, 20, 25, 60):(27.07, 27.12, 24.87, 20.94)
(20, 20, 25, 70):(27.21, 27.21, 25.02, 20.56)
(20, 20, 30, 30):(26.63, 26.64, 23.37, 23.36)
(20, 20, 30, 35):(26.9, 26.85, 23.57, 22.69)
(20, 20, 30, 40):(27.05, 27.05, 23.71, 22.19)
(20, 20, 30, 45):(27.18, 27.2, 23.84, 21.79)
(20, 20, 30, 50):(27.3, 27.31, 23.94, 21.45)
(20, 20, 30, 60):(27.45, 27.4, 24.07, 21.09)
(20, 20, 30, 70):(27.59, 27.58, 24.16, 20.67)
(20, 20, 35, 35):(27.17, 27.13, 22.85, 22.85)
(20, 20, 35, 40):(27.33, 27.33, 23.01, 22.33)
(20, 20, 35, 45):(27.48, 27.5, 23.11, 21.91)
(20, 20, 35, 50):(27.59, 27.61, 23.24, 21.55)
(20, 20, 35, 60):(27.74, 27.75, 23.33, 21.18)
(20, 20, 35, 70):(27.91, 27.87, 23.49, 20.74)
(20, 20, 40, 40):(27.53, 27.54, 22.46, 22.47)
(20, 20, 40, 45):(27.72, 27.7, 22.59, 21.99)
(20, 20, 40, 50):(27.82, 27.83, 22.68, 21.66)
(20, 20, 40, 60):(27.96, 27.98, 22.8, 21.26)
(20, 20, 40, 70):(28.13, 28.11, 22.94, 20.82)
(20, 20, 45, 45):(27.88, 27.87, 22.15, 22.09)
(20, 20, 45, 50):(28.02, 28.02, 22.21, 21.75)
(20, 20, 45, 60):(28.16, 28.15, 22.34, 21.35)
(20, 20, 45, 70):(28.31, 28.29, 22.5, 20.9)
(20, 20, 50, 50):(28.16, 28.14, 21.86, 21.83)
(20, 20, 50, 60):(28.31, 28.33, 21.96, 21.39)
(20, 20, 50, 70):(28.5, 28.48, 22.1, 20.93)
(20, 20, 60, 60):(28.49, 28.53, 21.49, 21.49)
(20, 20, 60, 70):(28.72, 28.69, 21.57, 21.02)
(20, 20, 70, 70):(28.93, 28.91, 21.06, 21.1)
(20, 25, 25, 25):(26.68, 24.44, 24.42, 24.45)
(20, 25, 25, 30):(26.99, 24.71, 24.7, 23.6)
(20, 25, 25, 35):(27.22, 24.93, 24.93, 22.92)
(20, 25, 25, 40):(27.4, 25.09, 25.11, 22.4)
(20, 25, 25, 45):(27.52, 25.21, 25.23, 22.04)
(20, 25, 25, 50):(27.64, 25.33, 25.32, 21.7)
(20, 25, 25, 60):(27.77, 25.45, 25.46, 21.32)
(20, 25, 25, 70):(27.91, 25.58, 25.59, 20.92)
(20, 25, 30, 30):(27.28, 24.99, 23.86, 23.86)
(20, 25, 30, 35):(27.54, 25.23, 24.06, 23.17)
(20, 25, 30, 40):(27.7, 25.38, 24.27, 22.65)
(20, 25, 30, 45):(27.86, 25.55, 24.37, 22.22)
(20, 25, 30, 50):(27.96, 25.7, 24.48, 21.87)
(20, 25, 30, 60):(28.13, 25.8, 24.61, 21.45)
(20, 25, 30, 70):(28.29, 25.92, 24.73, 21.06)
(20, 25, 35, 35):(27.82, 25.53, 23.31, 23.35)
(20, 25, 35, 40):(28.02, 25.69, 23.51, 22.78)
(20, 25, 35, 45):(28.2, 25.85, 23.6, 22.35)
(20, 25, 35, 50):(28.3, 25.98, 23.7, 22.01)
(20, 25, 35, 60):(28.49, 26.1, 23.87, 21.54)
(20, 25, 35, 70):(28.63, 26.27, 23.98, 21.12)
(20, 25, 40, 40):(28.25, 25.89, 22.92, 22.95)
(20, 25, 40, 45):(28.44, 26.04, 23.05, 22.48)
(20, 25, 40, 50):(28.54, 26.19, 23.16, 22.11)
(20, 25, 40, 60):(28.71, 26.37, 23.28, 21.63)
(20, 25, 40, 70):(28.88, 26.49, 23.41, 21.23)
(20, 25, 45, 45):(28.61, 26.26, 22.58, 22.56)
(20, 25, 45, 50):(28.72, 26.38, 22.68, 22.21)
(20, 25, 45, 60):(28.9, 26.53, 22.84, 21.73)
(20, 25, 45, 70):(29.03, 26.69, 22.98, 21.3)
(20, 25, 50, 50):(28.91, 26.51, 22.29, 22.29)
(20, 25, 50, 60):(29.1, 26.69, 22.42, 21.8)
(20, 25, 50, 70):(29.23, 26.83, 22.57, 21.36)
(20, 25, 60, 60):(29.29, 26.91, 21.91, 21.88)
(20, 25, 60, 70):(29.53, 27.07, 22.0, 21.41)
(20, 25, 70, 70):(29.73, 27.26, 21.48, 21.53)
(20, 30, 30, 30):(27.62, 24.13, 24.12, 24.13)
(20, 30, 30, 35):(27.86, 24.38, 24.35, 23.4)
(20, 30, 30, 40):(28.1, 24.52, 24.54, 22.84)
(20, 30, 30, 45):(28.23, 24.66, 24.66, 22.44)
(20, 30, 30, 50):(28.37, 24.77, 24.76, 22.1)
(20, 30, 30, 60):(28.52, 24.94, 24.9, 21.64)
(20, 30, 30, 70):(28.68, 25.04, 25.04, 21.23)
(20, 30, 35, 35):(28.23, 24.61, 23.59, 23.57)
(20, 30, 35, 40):(28.44, 24.81, 23.76, 23.0)
(20, 30, 35, 45):(28.59, 24.95, 23.9, 22.56)
(20, 30, 35, 50):(28.75, 25.05, 24.02, 22.19)
(20, 30, 35, 60):(28.88, 25.22, 24.17, 21.73)
(20, 30, 35, 70):(29.06, 25.35, 24.28, 21.31)
(20, 30, 40, 40):(28.67, 24.99, 23.16, 23.18)
(20, 30, 40, 45):(28.86, 25.16, 23.31, 22.67)
(20, 30, 40, 50):(29.0, 25.28, 23.42, 22.3)
(20, 30, 40, 60):(29.19, 25.44, 23.57, 21.8)
(20, 30, 40, 70):(29.37, 25.57, 23.72, 21.34)
(20, 30, 45, 45):(29.05, 25.32, 22.82, 22.8)
(20, 30, 45, 50):(29.19, 25.47, 22.91, 22.42)
(20, 30, 45, 60):(29.39, 25.59, 23.07, 21.94)
(20, 30, 45, 70):(29.58, 25.74, 23.22, 21.46)
(20, 30, 50, 50):(29.39, 25.61, 22.5, 22.5)
(20, 30, 50, 60):(29.59, 25.77, 22.65, 21.98)
(20, 30, 50, 70):(29.77, 25.91, 22.84, 21.48)
(20, 30, 60, 60):(29.84, 25.98, 22.1, 22.08)
(20, 30, 60, 70):(30.07, 26.16, 22.21, 21.57)
(20, 30, 70, 70):(30.28, 26.33, 21.7, 21.69)
(20, 35, 35, 35):(28.56, 23.81, 23.84, 23.79)
(20, 35, 35, 40):(28.8, 23.99, 24.01, 23.2)
(20, 35, 35, 45):(28.99, 24.16, 24.14, 22.72)
(20, 35, 35, 50):(29.17, 24.23, 24.26, 22.35)
(20, 35, 35, 60):(29.33, 24.4, 24.4, 21.87)
(20, 35, 35, 70):(29.53, 24.55, 24.55, 21.37)
(20, 35, 40, 40):(29.08, 24.18, 23.37, 23.37)
(20, 35, 40, 45):(29.29, 24.32, 23.53, 22.86)
(20, 35, 40, 50):(29.47, 24.46, 23.62, 22.46)
(20, 35, 40, 60):(29.68, 24.62, 23.78, 21.93)
(20, 35, 40, 70):(29.84, 24.78, 23.91, 21.47)
(20, 35, 45, 45):(29.55, 24.47, 22.98, 22.99)
(20, 35, 45, 50):(29.66, 24.62, 23.12, 22.6)
(20, 35, 45, 60):(29.91, 24.78, 23.26, 22.06)
(20, 35, 45, 70):(30.09, 24.93, 23.44, 21.55)
(20, 35, 50, 50):(29.89, 24.77, 22.67, 22.67)
(20, 35, 50, 60):(30.14, 24.92, 22.84, 22.1)
(20, 35, 50, 70):(30.33, 25.09, 22.96, 21.62)
(20, 35, 60, 60):(30.42, 25.12, 22.21, 22.25)
(20, 35, 60, 70):(30.63, 25.32, 22.36, 21.69)
(20, 35, 70, 70):(30.89, 25.53, 21.8, 21.78)
(20, 40, 40, 40):(29.39, 23.54, 23.54, 23.54)
(20, 40, 40, 45):(29.62, 23.68, 23.68, 23.02)
(20, 40, 40, 50):(29.8, 23.81, 23.8, 22.59)
(20, 40, 40, 60):(30.02, 23.96, 23.95, 22.08)
(20, 40, 40, 70):(30.21, 24.11, 24.11, 21.57)
(20, 40, 45, 45):(29.85, 23.83, 23.15, 23.17)
(20, 40, 45, 50):(30.04, 23.98, 23.27, 22.71)
(20, 40, 45, 60):(30.28, 24.1, 23.45, 22.17)
(20, 40, 45, 70):(30.49, 24.27, 23.58, 21.67)
(20, 40, 50, 50):(30.28, 24.11, 22.8, 22.8)
(20, 40, 50, 60):(30.54, 24.25, 22.99, 22.23)
(20, 40, 50, 70):(30.7, 24.46, 23.12, 21.72)
(20, 40, 60, 60):(30.82, 24.49, 22.35, 22.34)
(20, 40, 60, 70):(31.04, 24.69, 22.47, 21.8)
(20, 40, 70, 70):(31.35, 24.86, 21.89, 21.9)
(20, 45, 45, 45):(30.13, 23.28, 23.3, 23.3)
(20, 45, 45, 50):(30.31, 23.43, 23.4, 22.87)
(20, 45, 45, 60):(30.57, 23.59, 23.56, 22.28)
(20, 45, 45, 70):(30.77, 23.74, 23.72, 21.78)
(20, 45, 50, 50):(30.55, 23.56, 22.95, 22.94)
(20, 45, 50, 60):(30.82, 23.75, 23.1, 22.33)
(20, 45, 50, 70):(31.05, 23.9, 23.25, 21.79)
(20, 45, 60, 60):(31.13, 23.92, 22.47, 22.48)
(20, 45, 60, 70):(31.35, 24.11, 22.62, 21.92)
(20, 45, 70, 70):(31.68, 24.33, 21.99, 22.0)
(20, 50, 50, 50):(30.78, 23.09, 23.07, 23.06)
(20, 50, 50, 60):(31.08, 23.26, 23.21, 22.44)
(20, 50, 50, 70):(31.34, 23.4, 23.39, 21.87)
(20, 50, 60, 60):(31.4, 23.44, 22.57, 22.59)
(20, 50, 60, 70):(31.67, 23.62, 22.71, 21.99)
(20, 50, 70, 70):(31.99, 23.81, 22.1, 22.1)
(20, 60, 60, 60):(31.82, 22.71, 22.73, 22.73)
(20, 60, 60, 70):(32.1, 22.88, 22.9, 22.13)
(20, 60, 70, 70):(32.47, 23.08, 22.23, 22.23)
(20, 70, 70, 70):(32.82, 22.4, 22.38, 22.4)
(25, 25, 25, 25):(25.03, 24.99, 25.0, 24.98)
(25, 25, 25, 30):(25.2833, 25.2833, 25.2833, 24.14)
(25, 25, 25, 35):(25.52, 25.52, 25.55, 23.41)
(25, 25, 25, 40):(25.71, 25.71, 25.72, 22.86)
(25, 25, 25, 45):(25.85, 25.86, 25.84, 22.45)
(25, 25, 25, 50):(25.93, 25.98, 25.92, 22.16)
(25, 25, 25, 60):(26.1, 26.09, 26.1, 21.71)
(25, 25, 25, 70):(26.22, 26.23, 26.23, 21.32)
(25, 25, 30, 30):(25.59, 25.6, 24.43, 24.39)
(25, 25, 30, 35):(25.83, 25.86, 24.63, 23.67)
(25, 25, 30, 40):(26.05, 26.02, 24.81, 23.12)
(25, 25, 30, 45):(26.18, 26.2, 24.94, 22.67)
(25, 25, 30, 50):(26.3, 26.31, 25.05, 22.34)
(25, 25, 30, 60):(26.45, 26.47, 25.19, 21.89)
(25, 25, 30, 70):(26.58, 26.62, 25.31, 21.48)
(25, 25, 35, 35):(26.14, 26.13, 23.87, 23.86)
(25, 25, 35, 40):(26.35, 26.35, 24.02, 23.28)
(25, 25, 35, 45):(26.51, 26.52, 24.18, 22.79)
(25, 25, 35, 50):(26.63, 26.64, 24.28, 22.45)
(25, 25, 35, 60):(26.78, 26.79, 24.43, 22.0)
(25, 25, 35, 70):(26.96, 26.93, 24.58, 21.53)
(25, 25, 40, 40):(26.57, 26.56, 23.44, 23.43)
(25, 25, 40, 45):(26.76, 26.75, 23.51, 22.97)
(25, 25, 40, 50):(26.88, 26.87, 23.68, 22.57)
(25, 25, 40, 60):(27.05, 27.06, 23.82, 22.07)
(25, 25, 40, 70):(27.2, 27.21, 23.98, 21.61)
(25, 25, 45, 45):(26.93, 26.93, 23.07, 23.06)
(25, 25, 45, 50):(27.07, 27.09, 23.17, 22.68)
(25, 25, 45, 60):(27.25, 27.26, 23.32, 22.17)
(25, 25, 45, 70):(27.42, 27.37, 23.49, 21.72)
(25, 25, 50, 50):(27.23, 27.22, 22.77, 22.79)
(25, 25, 50, 60):(27.42, 27.43, 22.9, 22.25)
(25, 25, 50, 70):(27.59, 27.6, 23.05, 21.76)
(25, 25, 60, 60):(27.63, 27.66, 22.36, 22.35)
(25, 25, 60, 70):(27.81, 27.85, 22.49, 21.84)
(25, 25, 70, 70):(28.06, 28.07, 21.94, 21.93)
(25, 30, 30, 30):(25.94, 24.7, 24.66, 24.69)
(25, 30, 30, 35):(26.21, 24.94, 24.93, 23.92)
(25, 30, 30, 40):(26.43, 25.11, 25.09, 23.37)
(25, 30, 30, 45):(26.57, 25.26, 25.28, 22.9)
(25, 30, 30, 50):(26.71, 25.4, 25.39, 22.51)
(25, 30, 30, 60):(26.86, 25.56, 25.53, 22.05)
(25, 30, 30, 70):(26.99, 25.68, 25.67, 21.65)
(25, 30, 35, 35):(26.52, 25.21, 24.15, 24.12)
(25, 30, 35, 40):(26.75, 25.4, 24.3, 23.55)
(25, 30, 35, 45):(26.91, 25.56, 24.49, 23.05)
(25, 30, 35, 50):(27.06, 25.67, 24.62, 22.66)
(25, 30, 35, 60):(27.27, 25.82, 24.75, 22.15)
(25, 30, 35, 70):(27.43, 25.98, 24.85, 21.73)
(25, 30, 40, 40):(27.01, 25.61, 23.7, 23.68)
(25, 30, 40, 45):(27.21, 25.77, 23.8, 23.23)
(25, 30, 40, 50):(27.35, 25.89, 23.96, 22.8)
(25, 30, 40, 60):(27.53, 26.07, 24.11, 22.28)
(25, 30, 40, 70):(27.71, 26.23, 24.25, 21.81)
(25, 30, 45, 45):(27.41, 25.97, 23.31, 23.32)
(25, 30, 45, 50):(27.56, 26.12, 23.42, 22.9)
(25, 30, 45, 60):(27.76, 26.25, 23.61, 22.38)
(25, 30, 45, 70):(27.91, 26.43, 23.75, 21.91)
(25, 30, 50, 50):(27.72, 26.28, 23.0, 23.01)
(25, 30, 50, 60):(27.98, 26.45, 23.14, 22.43)
(25, 30, 50, 70):(28.13, 26.63, 23.29, 21.95)
(25, 30, 60, 60):(28.2, 26.69, 22.55, 22.56)
(25, 30, 60, 70):(28.41, 26.87, 22.66, 22.06)
(25, 30, 70, 70):(28.63, 27.08, 22.14, 22.14)
(25, 35, 35, 35):(26.88, 24.39, 24.38, 24.34)
(25, 35, 35, 40):(27.14, 24.55, 24.57, 23.74)
(25, 35, 35, 45):(27.37, 24.7, 24.72, 23.21)
(25, 35, 35, 50):(27.52, 24.84, 24.84, 22.8)
(25, 35, 35, 60):(27.73, 24.98, 25.0, 22.29)
(25, 35, 35, 70):(27.88, 25.17, 25.14, 21.8)
(25, 35, 40, 40):(27.43, 24.75, 23.92, 23.91)
(25, 35, 40, 45):(27.65, 24.92, 24.04, 23.39)
(25, 35, 40, 50):(27.82, 25.05, 24.18, 22.95)
(25, 35, 40, 60):(28.03, 25.23, 24.35, 22.4)
(25, 35, 40, 70):(28.19, 25.36, 24.5, 21.94)
(25, 35, 45, 45):(27.88, 25.1, 23.51, 23.51)
(25, 35, 45, 50):(28.05, 25.22, 23.64, 23.08)
(25, 35, 45, 60):(28.28, 25.4, 23.79, 22.53)
(25, 35, 45, 70):(28.47, 25.57, 23.97, 21.99)
(25, 35, 50, 50):(28.26, 25.38, 23.2, 23.16)
(25, 35, 50, 60):(28.5, 25.59, 23.33, 22.58)
(25, 35, 50, 70):(28.72, 25.75, 23.49, 22.04)
(25, 35, 60, 60):(28.8, 25.8, 22.69, 22.7)
(25, 35, 60, 70):(29.01, 25.98, 22.84, 22.16)
(25, 35, 70, 70):(29.25, 26.23, 22.25, 22.26)
(25, 40, 40, 40):(27.74, 24.08, 24.09, 24.09)
(25, 40, 40, 45):(27.99, 24.24, 24.26, 23.51)
(25, 40, 40, 50):(28.17, 24.39, 24.34, 23.1)
(25, 40, 40, 60):(28.4, 24.54, 24.55, 22.51)
(25, 40, 40, 70):(28.57, 24.71, 24.72, 22.0)
(25, 40, 45, 45):(28.24, 24.41, 23.67, 23.69)
(25, 40, 45, 50):(28.43, 24.54, 23.81, 23.21)
(25, 40, 45, 60):(28.62, 24.74, 24.0, 22.64)
(25, 40, 45, 70):(28.87, 24.87, 24.16, 22.11)
(25, 40, 50, 50):(28.63, 24.69, 23.35, 23.33)
(25, 40, 50, 60):(28.89, 24.88, 23.53, 22.7)
(25, 40, 50, 70):(29.09, 25.05, 23.69, 22.17)
(25, 40, 60, 60):(29.2, 25.11, 22.85, 22.83)
(25, 40, 60, 70):(29.46, 25.31, 22.95, 22.28)
(25, 40, 70, 70):(29.73, 25.54, 22.34, 22.38)
(25, 45, 45, 45):(28.48, 23.84, 23.85, 23.84)
(25, 45, 45, 50):(28.69, 23.97, 23.94, 23.4)
(25, 45, 45, 60):(28.96, 24.12, 24.16, 22.76)
(25, 45, 45, 70):(29.15, 24.3, 24.31, 22.23)
(25, 45, 50, 50):(28.9, 24.12, 23.48, 23.5)
(25, 45, 50, 60):(29.2, 24.32, 23.66, 22.82)
(25, 45, 50, 70):(29.43, 24.47, 23.85, 22.25)
(25, 45, 60, 60):(29.53, 24.53, 22.97, 22.98)
(25, 45, 60, 70):(29.78, 24.74, 23.09, 22.39)
(25, 45, 70, 70):(30.07, 24.94, 22.49, 22.5)
(25, 50, 50, 50):(29.16, 23.66, 23.57, 23.61)
(25, 50, 50, 60):(29.47, 23.8, 23.8, 22.93)
(25, 50, 50, 70):(29.7, 23.96, 23.97, 22.36)
(25, 50, 60, 60):(29.82, 24.01, 23.09, 23.08)
(25, 50, 60, 70):(30.09, 24.2, 23.22, 22.48)
(25, 50, 70, 70):(30.42, 24.43, 22.55, 22.6)
(25, 60, 60, 60):(30.22, 23.26, 23.25, 23.27)
(25, 60, 60, 70):(30.52, 23.43, 23.42, 22.63)
(25, 60, 70, 70):(30.84, 23.65, 22.78, 22.73)
(25, 70, 70, 70):(31.25, 22.91, 22.91, 22.93)
(30, 30, 30, 30):(25.01, 25.0, 25.01, 24.98)
(30, 30, 30, 35):(25.27, 25.27, 25.24, 24.22)
(30, 30, 30, 40):(25.48, 25.47, 25.44, 23.61)
(30, 30, 30, 45):(25.63, 25.6, 25.62, 23.15)
(30, 30, 30, 50):(25.76, 25.76, 25.72, 22.77)
(30, 30, 30, 60):(25.91, 25.92, 25.91, 22.26)
(30, 30, 30, 70):(26.07, 26.06, 26.04, 21.82)
(30, 30, 35, 35):(25.59, 25.54, 24.44, 24.43)
(30, 30, 35, 40):(25.8, 25.77, 24.62, 23.81)
(30, 30, 35, 45):(25.96, 25.95, 24.79, 23.3)
(30, 30, 35, 50):(26.11, 26.1, 24.92, 22.87)
(30, 30, 35, 60):(26.28, 26.26, 25.09, 22.37)
(30, 30, 35, 70):(26.42, 26.43, 25.22, 21.92)
(30, 30, 40, 40):(26.02, 26.02, 23.98, 23.98)
(30, 30, 40, 45):(26.2, 26.2, 24.14, 23.46)
(30, 30, 40, 50):(26.35, 26.36, 24.24, 23.05)
(30, 30, 40, 60):(26.55, 26.55, 24.41, 22.49)
(30, 30, 40, 70):(26.7, 26.69, 24.59, 22.02)
(30, 30, 45, 45):(26.39, 26.38, 23.61, 23.61)
(30, 30, 45, 50):(26.56, 26.57, 23.72, 23.15)
(30, 30, 45, 60):(26.75, 26.72, 23.91, 22.62)
(30, 30, 45, 70):(26.91, 26.94, 24.05, 22.1)
(30, 30, 50, 50):(26.74, 26.74, 23.24, 23.27)
(30, 30, 50, 60):(26.96, 26.91, 23.44, 22.69)
(30, 30, 50, 70):(27.11, 27.13, 23.58, 22.18)
(30, 30, 60, 60):(27.18, 27.2, 22.81, 22.82)
(30, 30, 60, 70):(27.4, 27.43, 22.91, 22.27)
(30, 30, 70, 70):(27.63, 27.64, 22.36, 22.37)
(30, 35, 35, 35):(25.94, 24.68, 24.67, 24.71)
(30, 35, 35, 40):(26.16, 24.9, 24.9, 24.03)
(30, 35, 35, 45):(26.38, 25.09, 25.03, 23.5)
(30, 35, 35, 50):(26.5, 25.22, 25.23, 23.05)
(30, 35, 35, 60):(26.7, 25.41, 25.38, 22.51)
(30, 35, 35, 70):(26.87, 25.56, 25.56, 22.01)
(30, 35, 40, 40):(26.45, 25.11, 24.23, 24.21)
(30, 35, 40, 45):(26.63, 25.29, 24.41, 23.67)
(30, 35, 40, 50):(26.8, 25.45, 24.53, 23.22)
(30, 35, 40, 60):(27.0, 25.66, 24.7, 22.64)
(30, 35, 40, 70):(27.16, 25.82, 24.89, 22.13)
(30, 35, 45, 45):(26.84, 25.5, 23.82, 23.84)
(30, 35, 45, 50):(27.04, 25.65, 23.95, 23.36)
(30, 35, 45, 60):(27.26, 25.85, 24.1, 22.79)
(30, 35, 45, 70):(27.45, 26.01, 24.29, 22.25)
(30, 35, 50, 50):(27.25, 25.81, 23.49, 23.46)
(30, 35, 50, 60):(27.49, 26.04, 23.63, 22.84)
(30, 35, 50, 70):(27.67, 26.21, 23.82, 22.3)
(30, 35, 60, 60):(27.73, 26.31, 22.96, 23.0)
(30, 35, 60, 70):(27.97, 26.51, 23.1, 22.42)
(30, 35, 70, 70):(28.23, 26.74, 22.52, 22.5)
(30, 40, 40, 40):(26.75, 24.4, 24.43, 24.42)
(30, 40, 40, 45):(26.95, 24.6, 24.59, 23.87)
(30, 40, 40, 50):(27.14, 24.76, 24.74, 23.36)
(30, 40, 40, 60):(27.39, 24.91, 24.92, 22.78)
(30, 40, 40, 70):(27.55, 25.08, 25.11, 22.26)
(30, 40, 45, 45):(27.18, 24.79, 24.02, 24.01)
(30, 40, 45, 50):(27.38, 24.92, 24.17, 23.53)
(30, 40, 45, 60):(27.64, 25.1, 24.37, 22.9)
(30, 40, 45, 70):(27.79, 25.32, 24.51, 22.38)
(30, 40, 50, 50):(27.6, 25.08, 23.66, 23.66)
(30, 40, 50, 60):(27.86, 25.32, 23.82, 22.99)
(30, 40, 50, 70):(28.05, 25.48, 24.02, 22.45)
(30, 40, 60, 60):(28.14, 25.58, 23.13, 23.15)
(30, 40, 60, 70):(28.4, 25.77, 23.28, 22.55)
(30, 40, 70, 70):(28.67, 26.01, 22.64, 22.69)
(30, 45, 45, 45):(27.46, 24.2, 24.18, 24.17)
(30, 45, 45, 50):(27.64, 24.34, 24.32, 23.7)
(30, 45, 45, 60):(27.91, 24.54, 24.5, 23.06)
(30, 45, 45, 70):(28.11, 24.7, 24.69, 22.51)
(30, 45, 50, 50):(27.87, 24.49, 23.82, 23.81)
(30, 45, 50, 60):(28.15, 24.73, 23.99, 23.13)
(30, 45, 50, 70):(28.39, 24.89, 24.18, 22.54)
(30, 45, 60, 60):(28.45, 24.95, 23.3, 23.3)
(30, 45, 60, 70):(28.72, 25.18, 23.43, 22.68)
(30, 45, 70, 70):(28.97, 25.39, 22.81, 22.83)
(30, 50, 50, 50):(28.11, 23.97, 23.96, 23.95)
(30, 50, 50, 60):(28.4, 24.19, 24.15, 23.26)
(30, 50, 50, 70):(28.65, 24.35, 24.35, 22.65)
(30, 50, 60, 60):(28.79, 24.4, 23.42, 23.4)
(30, 50, 60, 70):(29.02, 24.62, 23.56, 22.8)
(30, 50, 70, 70):(29.34, 24.82, 22.91, 22.93)
(30, 60, 60, 60):(29.13, 23.63, 23.59, 23.64)
(30, 60, 60, 70):(29.45, 23.78, 23.8, 22.97)
(30, 60, 70, 70):(29.76, 24.01, 23.14, 23.09)
(30, 70, 70, 70):(30.15, 23.29, 23.28, 23.28)
(35, 35, 35, 35):(25.0, 25.0, 25.02, 24.99)
(35, 35, 35, 40):(25.22, 25.24, 25.24, 24.31)
(35, 35, 35, 45):(25.42, 25.42, 25.43, 23.73)
(35, 35, 35, 50):(25.57, 25.57, 25.6, 23.26)
(35, 35, 35, 60):(25.76, 25.76, 25.78, 22.7)
(35, 35, 35, 70):(25.94, 25.96, 25.95, 22.15)
(35, 35, 40, 40):(25.47, 25.5, 24.51, 24.52)
(35, 35, 40, 45):(25.66, 25.72, 24.67, 23.95)
(35, 35, 40, 50):(25.84, 25.84, 24.86, 23.45)
(35, 35, 40, 60):(26.05, 26.05, 25.07, 22.83)
(35, 35, 40, 70):(26.23, 26.24, 25.24, 22.29)
(35, 35, 45, 45):(25.9, 25.91, 24.09, 24.1)
(35, 35, 45, 50):(26.08, 26.07, 24.25, 23.6)
(35, 35, 45, 60):(26.31, 26.31, 24.41, 22.97)
(35, 35, 45, 70):(26.46, 26.49, 24.61, 22.43)
(35, 35, 50, 50):(26.24, 26.26, 23.75, 23.75)
(35, 35, 50, 60):(26.5, 26.51, 23.93, 23.06)
(35, 35, 50, 70):(26.71, 26.71, 24.08, 22.5)
(35, 35, 60, 60):(26.78, 26.81, 23.21, 23.21)
(35, 35, 60, 70):(27.01, 27.01, 23.36, 22.62)
(35, 35, 70, 70):(27.26, 27.29, 22.71, 22.74)
(35, 40, 40, 40):(25.76, 24.75, 24.74, 24.75)
(35, 40, 40, 45):(25.99, 24.93, 24.95, 24.13)
(35, 40, 40, 50):(26.16, 25.08, 25.11, 23.64)
(35, 40, 40, 60):(26.39, 25.31, 25.31, 22.99)
(35, 40, 40, 70):(26.61, 25.51, 25.49, 22.4)
(35, 40, 45, 45):(26.21, 25.13, 24.33, 24.33)
(35, 40, 45, 50):(26.4, 25.29, 24.48, 23.82)
(35, 40, 45, 60):(26.63, 25.54, 24.69, 23.14)
(35, 40, 45, 70):(26.83, 25.74, 24.87, 22.56)
(35, 40, 50, 50):(26.62, 25.48, 23.95, 23.95)
(35, 40, 50, 60):(26.83, 25.79, 24.13, 23.25)
(35, 40, 50, 70):(27.09, 25.95, 24.32, 22.64)
(35, 40, 60, 60):(27.18, 26.02, 23.39, 23.41)
(35, 40, 60, 70):(27.42, 26.27, 23.54, 22.77)
(35, 40, 70, 70):(27.71, 26.51, 22.88, 22.91)
(35, 45, 45, 45):(26.45, 24.52, 24.51, 24.52)
(35, 45, 45, 50):(26.65, 24.67, 24.67, 24.01)
(35, 45, 45, 60):(26.91, 24.9, 24.9, 23.29)
(35, 45, 45, 70):(27.12, 25.08, 25.07, 22.73)
(35, 45, 50, 50):(26.89, 24.87, 24.13, 24.11)
(35, 45, 50, 60):(27.17, 25.1, 24.34, 23.39)
(35, 45, 50, 70):(27.39, 25.3, 24.53, 22.78)
(35, 45, 60, 60):(27.48, 25.36, 23.56, 23.6)
(35, 45, 60, 70):(27.73, 25.57, 23.76, 22.94)
(35, 45, 70, 70):(28.05, 25.85, 23.04, 23.06)
(35, 50, 50, 50):(27.11, 24.3, 24.32, 24.27)
(35, 50, 50, 60):(27.43, 24.53, 24.5, 23.54)
(35, 50, 50, 70):(27.66, 24.73, 24.72, 22.89)
(35, 50, 60, 60):(27.78, 24.78, 23.72, 23.71)
(35, 50, 60, 70):(28.05, 25.02, 23.88, 23.04)
(35, 50, 70, 70):(28.36, 25.25, 23.18, 23.21)
(35, 60, 60, 60):(28.18, 23.94, 23.94, 23.94)
(35, 60, 60, 70):(28.51, 24.15, 24.1, 23.24)
(35, 60, 70, 70):(28.83, 24.34, 23.4, 23.43)
(35, 70, 70, 70):(29.25, 23.61, 23.57, 23.57)
(40, 40, 40, 40):(24.99, 24.99, 25.02, 25.0)
(40, 40, 40, 45):(25.21, 25.21, 25.21, 24.37)
(40, 40, 40, 50):(25.41, 25.37, 25.38, 23.85)
(40, 40, 40, 60):(25.63, 25.6, 25.62, 23.15)
(40, 40, 40, 70):(25.8, 25.8, 25.82, 22.59)
(40, 40, 45, 45):(25.43, 25.43, 24.58, 24.56)
(40, 40, 45, 50):(25.64, 25.6, 24.74, 24.02)
(40, 40, 45, 60):(25.86, 25.85, 24.98, 23.32)
(40, 40, 45, 70):(26.08, 26.04, 25.16, 22.72)
(40, 40, 50, 50):(25.84, 25.8, 24.18, 24.18)
(40, 40, 50, 60):(26.1, 26.09, 24.37, 23.43)
(40, 40, 50, 70):(26.3, 26.3, 24.6, 22.8)
(40, 40, 60, 60):(26.4, 26.37, 23.61, 23.62)
(40, 40, 60, 70):(26.63, 26.63, 23.76, 22.98)
(40, 40, 70, 70):(26.93, 26.88, 23.08, 23.11)
(40, 45, 45, 45):(25.66, 24.77, 24.78, 24.79)
(40, 45, 45, 50):(25.87, 24.95, 24.94, 24.24)
(40, 45, 45, 60):(26.11, 25.18, 25.2, 23.51)
(40, 45, 45, 70):(26.33, 25.38, 25.4, 22.89)
(40, 45, 50, 50):(26.08, 25.16, 24.39, 24.37)
(40, 45, 50, 60):(26.37, 25.41, 24.6, 23.62)
(40, 45, 50, 70):(26.59, 25.63, 24.8, 22.97)
(40, 45, 60, 60):(26.68, 25.69, 23.81, 23.81)
(40, 45, 60, 70):(26.96, 25.91, 23.99, 23.14)
(40, 45, 70, 70):(27.24, 26.23, 23.25, 23.27)
(40, 50, 50, 50):(26.3, 24.59, 24.56, 24.55)
(40, 50, 50, 60):(26.61, 24.83, 24.81, 23.75)
(40, 50, 50, 70):(26.87, 25.04, 25.02, 23.07)
(40, 50, 60, 60):(26.98, 25.09, 23.97, 23.95)
(40, 50, 60, 70):(27.23, 25.35, 24.14, 23.29)
(40, 50, 70, 70):(27.57, 25.62, 23.39, 23.42)
(40, 60, 60, 60):(27.39, 24.21, 24.21, 24.2)
(40, 60, 60, 70):(27.72, 24.39, 24.41, 23.49)
(40, 60, 70, 70):(28.04, 24.66, 23.64, 23.66)
(40, 70, 70, 70):(28.42, 23.86, 23.85, 23.87)
(45, 45, 45, 45):(25.01, 24.99, 25.01, 24.99)
(45, 45, 45, 50):(25.18, 25.19, 25.16, 24.46)
(45, 45, 45, 60):(25.46, 25.41, 25.45, 23.68)
(45, 45, 45, 70):(25.67, 25.65, 25.65, 23.04)
(45, 45, 50, 50):(25.38, 25.39, 24.61, 24.61)
(45, 45, 50, 60):(25.67, 25.66, 24.86, 23.81)
(45, 45, 50, 70):(25.89, 25.91, 25.07, 23.13)
(45, 45, 60, 60):(26.01, 25.97, 23.99, 24.03)
(45, 45, 60, 70):(26.27, 26.25, 24.17, 23.31)
(45, 45, 70, 70):(26.56, 26.51, 23.47, 23.47)
(45, 50, 50, 50):(25.62, 24.8, 24.79, 24.79)
(45, 50, 50, 60):(25.92, 25.08, 25.05, 23.95)
(45, 50, 50, 70):(26.15, 25.29, 25.28, 23.28)
(45, 50, 60, 60):(26.27, 25.38, 24.19, 24.16)
(45, 50, 60, 70):(26.53, 25.63, 24.36, 23.47)
(45, 50, 70, 70):(26.89, 25.88, 23.62, 23.6)
(45, 60, 60, 60):(26.67, 24.44, 24.44, 24.45)
(45, 60, 60, 70):(26.97, 24.67, 24.66, 23.69)
(45, 60, 70, 70):(27.35, 24.91, 23.86, 23.88)
(45, 70, 70, 70):(27.72, 24.08, 24.09, 24.11)
(50, 50, 50, 50):(25.0, 25.0, 25.0, 25.0)
(50, 50, 50, 60):(25.3, 25.31, 25.26, 24.13)
(50, 50, 50, 70):(25.52, 25.53, 25.54, 23.41)
(50, 50, 60, 60):(25.65, 25.63, 24.36, 24.36)
(50, 50, 60, 70):(25.89, 25.89, 24.58, 23.63)
(50, 50, 70, 70):(26.18, 26.21, 23.8, 23.81)
(50, 60, 60, 60):(25.99, 24.67, 24.67, 24.68)
(50, 60, 60, 70):(26.29, 24.94, 24.9, 23.88)
(50, 60, 70, 70):(26.66, 25.18, 24.08, 24.08)
(50, 70, 70, 70):(27.02, 24.32, 24.35, 24.31)
(60, 60, 60, 60):(25.0, 25.02, 24.99, 24.99)
(60, 60, 60, 70):(25.28, 25.26, 25.28, 24.19)
(60, 60, 70, 70):(25.56, 25.58, 24.44, 24.42)
(60, 70, 70, 70):(25.92, 24.71, 24.67, 24.7)
(70, 70, 70, 70):(25.0, 25.0, 25.0, 25.0)
